-8.103003154381405115e+08
-8.082896446802295446e+08
-8.062789739223185778e+08
-8.042683031644076109e+08
-8.022576324064966440e+08
-8.002469616485855579e+08
-7.982362908906745911e+08
-7.962256201327636242e+08
-7.942149493748525381e+08
-7.922042786169415712e+08
-7.901936078590306044e+08
-7.881829371011195183e+08
-7.861722663432084322e+08
-7.841615955852974653e+08
-7.821509248273863792e+08
-7.801402540694754124e+08
-7.781295833115644455e+08
-7.761189125536533594e+08
-7.741082417957423925e+08
-7.720975710378314257e+08
-7.700869002799203396e+08
-7.680762295220093727e+08
-7.660655587640982866e+08
-7.640548880061872005e+08
-7.620442172482762337e+08
-7.600335464903651476e+08
-7.580228757324541807e+08
-7.560122049745432138e+08
-7.540015342166321278e+08
-7.519908634587211609e+08
-7.499801927008101940e+08
-7.479695219428991079e+08
-7.459588511849881411e+08
-7.439481804270770550e+08
-7.419375096691659689e+08
-7.399268389112550020e+08
-7.379161681533440351e+08
-7.359054973954329491e+08
-7.338948266375219822e+08
-7.318841558796110153e+08
-7.298734851216999292e+08
-7.278628143637889624e+08
-7.258521436058778763e+08
-7.238414728479669094e+08
-7.218308020900558233e+08
-7.198201313321447372e+08
-7.178094605742337704e+08
-7.157987898163228035e+08
-7.137881190584117174e+08
-7.117774483005007505e+08
-7.097667775425897837e+08
-7.077561067846786976e+08
-7.057454360267677307e+08
-7.037347652688566446e+08
-7.017240945109456778e+08
-6.997134237530345917e+08
-6.977027529951236248e+08
-6.956920822372125387e+08
-6.936814114793015718e+08
-6.916707407213906050e+08
-6.896600699634795189e+08
-6.876493992055685520e+08
-6.856387284476575851e+08
-6.836280576897464991e+08
-6.816173869318354130e+08
-6.796067161739244461e+08
-6.775960454160133600e+08
-6.755853746581023932e+08
-6.735747039001914263e+08
-6.715640331422803402e+08
-6.695533623843693733e+08
-6.675426916264584064e+08
-6.655320208685473204e+08
-6.635213501106363535e+08
-6.615106793527252674e+08
-6.595000085948141813e+08
-6.574893378369032145e+08
-6.554786670789922476e+08
-6.534679963210811615e+08
-6.514573255631701946e+08
-6.494466548052592278e+08
-6.474359840473481417e+08
-6.454253132894371748e+08
-6.434146425315262079e+08
-6.414039717736151218e+08
-6.393933010157040358e+08
-6.373826302577930689e+08
-6.353719594998819828e+08
-6.333612887419710159e+08
-6.313506179840600491e+08
-6.293399472261489630e+08
-6.273292764682379961e+08
-6.253186057103270292e+08
-6.233079349524159431e+08
-6.212972641945049763e+08
-6.192865934365938902e+08
-6.172759226786828041e+08
-6.152652519207718372e+08
-6.132545811628607512e+08
-6.112439104049497843e+08
-6.092332396470388174e+08
-6.072225688891277313e+08
-6.052118981312167645e+08
-6.032012273733056784e+08
-6.011905566153947115e+08
-5.991798858574837446e+08
-5.971692150995726585e+08
-5.951585443416615725e+08
-5.931478735837506056e+08
-5.911372028258395195e+08
-5.891265320679285526e+08
-5.871158613100175858e+08
-5.851051905521064997e+08
-5.830945197941955328e+08
-5.810838490362845659e+08
-5.790731782783734798e+08
-5.770625075204625130e+08
-5.750518367625514269e+08
-5.730411660046403408e+08
-5.710304952467293739e+08
-5.690198244888184071e+08
-5.670091537309073210e+08
-5.649984829729963541e+08
-5.629878122150853872e+08
-5.609771414571743011e+08
-5.589664706992633343e+08
-5.569557999413522482e+08
-5.549451291834412813e+08
-5.529344584255301952e+08
-5.509237876676192284e+08
-5.489131169097081423e+08
-5.469024461517971754e+08
-5.448917753938862085e+08
-5.428811046359751225e+08
-5.408704338780641556e+08
-5.388597631201531887e+08
-5.368490923622420430e+08
-5.348384216043310761e+08
-5.328277508464201093e+08
-5.308170800885090232e+08
-5.288064093305979967e+08
-5.267957385726870298e+08
-5.247850678147759438e+08
-5.227743970568649769e+08
-5.207637262989539504e+08
-5.187530555410429239e+08
-5.167423847831318974e+08
-5.147317140252209306e+08
-5.127210432673098445e+08
-5.107103725093988776e+08
-5.086997017514878511e+08
-5.066890309935767651e+08
-5.046783602356657982e+08
-5.026676894777548313e+08
-5.006570187198437452e+08
-4.986463479619327188e+08
-4.966356772040217519e+08
-4.946250064461106658e+08
-4.926143356881995797e+08
-4.906036649302886724e+08
-4.885929941723776460e+08
-4.865823234144665599e+08
-4.845716526565556526e+08
-4.825609818986445665e+08
-4.805503111407334805e+08
-4.785396403828225732e+08
-4.765289696249114871e+08
-4.745182988670004606e+08
-4.725076281090895534e+08
-4.704969573511784673e+08
-4.684862865932673812e+08
-4.664756158353564143e+08
-4.644649450774453878e+08
-4.624542743195343018e+08
-4.604436035616233349e+08
-4.584329328037123680e+08
-4.564222620458012819e+08
-4.544115912878902555e+08
-4.524009205299792886e+08
-4.503902497720682025e+08
-4.483795790141572356e+08
-4.463689082562462687e+08
-4.443582374983351827e+08
-4.423475667404241562e+08
-4.403368959825131893e+08
-4.383262252246021032e+08
-4.363155544666911364e+08
-4.343048837087801099e+08
-4.322942129508690238e+08
-4.302835421929580569e+08
-4.282728714350470901e+08
-4.262622006771360040e+08
-4.242515299192250371e+08
-4.222408591613140106e+08
-4.202301884034029245e+08
-4.182195176454919577e+08
-4.162088468875809908e+08
-4.141981761296699047e+08
-4.121875053717588782e+08
-4.101768346138478518e+08
-4.081661638559368849e+08
-4.061554930980258584e+08
-4.041448223401148319e+08
-4.021341515822038054e+08
-4.001234808242927790e+08
-3.981128100663817525e+08
-3.961021393084707260e+08
-3.940914685505597591e+08
-3.920807977926486731e+08
-3.900701270347376466e+08
-3.880594562768266797e+08
-3.860487855189155936e+08
-3.840381147610046268e+08
-3.820274440030936003e+08
-3.800167732451825738e+08
-3.780061024872715473e+08
-3.759954317293605804e+08
-3.739847609714494944e+08
-3.719740902135385275e+08
-3.699634194556275010e+08
-3.679527486977164149e+08
-3.659420779398054481e+08
-3.639314071818944812e+08
-3.619207364239833951e+08
-3.599100656660723686e+08
-3.578993949081614017e+08
-3.558887241502503157e+08
-3.538780533923393488e+08
-3.518673826344283223e+08
-3.498567118765172958e+08
-3.478460411186062694e+08
-3.458353703606953025e+08
-3.438246996027842164e+08
-3.418140288448732495e+08
-3.398033580869622231e+08
-3.377926873290511370e+08
-3.357820165711401701e+08
-3.337713458132292032e+08
-3.317606750553181171e+08
-3.297500042974070907e+08
-3.277393335394961238e+08
-3.257286627815850377e+08
-3.237179920236740708e+08
-3.217073212657631040e+08
-3.196966505078520179e+08
-3.176859797499409914e+08
-3.156753089920299053e+08
-3.136646382341189384e+08
-3.116539674762079716e+08
-3.096432967182968855e+08
-3.076326259603858590e+08
-3.056219552024748921e+08
-3.036112844445638061e+08
-3.016006136866528392e+08
-2.995899429287418723e+08
-2.975792721708307862e+08
-2.955686014129197598e+08
-2.935579306550087929e+08
-2.915472598970977068e+08
-2.895365891391867399e+08
-2.875259183812757134e+08
-2.855152476233646274e+08
-2.835045768654536605e+08
-2.814939061075426936e+08
-2.794832353496316075e+08
-2.774725645917206407e+08
-2.754618938338096142e+08
-2.734512230758985281e+08
-2.714405523179875612e+08
-2.694298815600765944e+08
-2.674192108021654785e+08
-2.654085400442545116e+08
-2.633978692863435149e+08
-2.613871985284324288e+08
-2.593765277705214620e+08
-2.573658570126103759e+08
-2.553551862546993792e+08
-2.533445154967883825e+08
-2.513338447388773263e+08
-2.493231739809663296e+08
-2.473125032230553329e+08
-2.453018324651442468e+08
-2.432911617072332799e+08
-2.412804909493222833e+08
-2.392698201914111972e+08
-2.372591494335002303e+08
-2.352484786755892336e+08
-2.332378079176781476e+08
-2.312271371597671509e+08
-2.292164664018561840e+08
-2.272057956439450979e+08
-2.251951248860341012e+08
-2.231844541281231344e+08
-2.211737833702120483e+08
-2.191631126123010516e+08
-2.171524418543900549e+08
-2.151417710964789987e+08
-2.131311003385680020e+08
-2.111204295806570053e+08
-2.091097588227459192e+08
-2.070990880648349524e+08
-2.050884173069239557e+08
-2.030777465490128696e+08
-2.010670757911019027e+08
-1.990564050331909060e+08
-1.970457342752798200e+08
-1.950350635173688233e+08
-1.930243927594578564e+08
-1.910137220015467703e+08
-1.890030512436357737e+08
-1.869923804857246876e+08
-1.849817097278137207e+08
-1.829710389699027240e+08
-1.809603682119916379e+08
-1.789496974540806711e+08
-1.769390266961696744e+08
-1.749283559382585883e+08
-1.729176851803475916e+08
-1.709070144224366248e+08
-1.688963436645255387e+08
-1.668856729066145420e+08
-1.648750021487035453e+08
-1.628643313907924891e+08
-1.608536606328814924e+08
-1.588429898749704957e+08
-1.568323191170594394e+08
-1.548216483591484427e+08
-1.528109776012374461e+08
-1.508003068433263600e+08
-1.487896360854153931e+08
-1.467789653275043964e+08
-1.447682945695933104e+08
-1.427576238116823137e+08
-1.407469530537713468e+08
-1.387362822958602607e+08
-1.367256115379492640e+08
-1.347149407800382972e+08
-1.327042700221272111e+08
-1.306935992642162144e+08
-1.286829285063051432e+08
-1.266722577483941466e+08
-1.246615869904831648e+08
-1.226509162325720787e+08
-1.206402454746610969e+08
-1.186295747167501152e+08
-1.166189039588390291e+08
-1.146082332009280473e+08
-1.125975624430170506e+08
-1.105868916851059794e+08
-1.085762209271949828e+08
-1.065655501692840010e+08
-1.045548794113729149e+08
-1.025442086534619331e+08
-1.005335378955509514e+08
-9.852286713763986528e+07
-9.651219637972888350e+07
-9.450152562181788683e+07
-9.249085486390681565e+07
-9.048018410599581897e+07
-8.846951334808483720e+07
-8.645884259017375112e+07
-8.444817183226276934e+07
-8.243750107435177267e+07
-8.042683031644070148e+07
-7.841615955852971971e+07
-7.640548880061872303e+07
-7.439481804270765185e+07
-7.238414728479665518e+07
-7.037347652688567340e+07
-6.836280576897458732e+07
-6.635213501106360555e+07
-6.434146425315261632e+07
-6.233079349524153769e+07
-6.032012273733054847e+07
-5.830945197941946983e+07
-5.629878122150848061e+07
-5.428811046359749138e+07
-5.227743970568641275e+07
-5.026676894777542353e+07
-4.825609818986444175e+07
-4.624542743195335567e+07
-4.423475667404237390e+07
-4.222408591613138467e+07
-4.021341515822030604e+07
-3.820274440030931681e+07
-3.619207364239832759e+07
-3.418140288448724896e+07
-3.217073212657626346e+07
-3.016006136866527423e+07
-2.814939061075419560e+07
-2.613871985284320638e+07
-2.412804909493222088e+07
-2.211737833702113852e+07
-2.010670757911015302e+07
-1.809603682119916379e+07
-1.608536606328808516e+07
-1.407469530537709780e+07
-1.206402454746611044e+07
-1.005335378955502994e+07
-8.042683031644042581e+06
-6.032012273733055219e+06
-4.021341515821975190e+06
-2.010670757910987595e+06
9.183822527686055433e-08
2.010670757911079563e+06
4.021341515822066925e+06
6.032012273733146489e+06
8.042683031644133851e+06
1.005335378955512121e+07
1.206402454746620171e+07
1.407469530537718907e+07
1.608536606328817643e+07
1.809603682119925693e+07
2.010670757911024243e+07
2.211737833702123165e+07
2.412804909493231028e+07
2.613871985284320638e+07
2.814939061075428501e+07
3.016006136866536736e+07
3.217073212657644600e+07
3.418140288448733836e+07
3.619207364239841700e+07
3.820274440030950308e+07
4.021341515822039545e+07
4.222408591613147408e+07
4.423475667404255271e+07
4.624542743195345253e+07
4.825609818986453116e+07
5.026676894777560979e+07
5.227743970568650216e+07
5.428811046359758824e+07
5.629878122150866687e+07
5.830945197941955924e+07
6.032012273733063787e+07
6.233079349524171650e+07
6.434146425315261632e+07
6.635213501106369495e+07
6.836280576897478104e+07
7.037347652688567340e+07
7.238414728479674459e+07
7.439481804270783067e+07
7.640548880061872303e+07
7.841615955852980912e+07
8.042683031644088030e+07
8.243750107435177267e+07
8.444817183226285875e+07
8.645884259017394483e+07
8.846951334808483720e+07
9.048018410599590838e+07
9.249085486390699446e+07
9.450152562181788683e+07
9.651219637972897291e+07
9.852286713764004409e+07
1.005335378955509514e+08
1.025442086534620225e+08
1.045548794113731086e+08
1.065655501692840010e+08
1.085762209271950722e+08
1.105868916851061583e+08
1.125975624430170506e+08
1.146082332009281367e+08
1.166189039588392079e+08
1.186295747167501152e+08
1.206402454746611863e+08
1.226509162325722724e+08
1.246615869904831648e+08
1.266722577483942360e+08
1.286829285063053221e+08
1.306935992642162144e+08
1.327042700221273005e+08
1.347149407800383866e+08
1.367256115379492640e+08
1.387362822958603501e+08
1.407469530537714362e+08
1.427576238116823137e+08
1.447682945695933998e+08
1.467789653275044858e+08
1.487896360854153931e+08
1.508003068433264494e+08
1.528109776012375355e+08
1.548216483591484427e+08
1.568323191170595288e+08
1.588429898749705851e+08
1.608536606328814924e+08
1.628643313907925785e+08
1.648750021487036645e+08
1.668856729066147208e+08
1.688963436645256281e+08
1.709070144224367142e+08
1.729176851803477705e+08
1.749283559382586777e+08
1.769390266961697638e+08
1.789496974540808499e+08
1.809603682119917274e+08
1.829710389699028134e+08
1.849817097278138995e+08
1.869923804857247770e+08
1.890030512436358631e+08
1.910137220015469491e+08
1.930243927594578564e+08
1.950350635173689127e+08
1.970457342752799988e+08
1.990564050331909060e+08
2.010670757911019921e+08
2.030777465490130484e+08
2.050884173069239557e+08
2.070990880648350418e+08
2.091097588227461278e+08
2.111204295806570053e+08
2.131311003385680914e+08
2.151417710964791775e+08
2.171524418543900549e+08
2.191631126123011410e+08
2.211737833702122271e+08
2.231844541281231344e+08
2.251951248860341907e+08
2.272057956439452767e+08
2.292164664018561840e+08
2.312271371597672403e+08
2.332378079176783264e+08
2.352484786755892336e+08
2.372591494335003197e+08
2.392698201914113760e+08
2.412804909493222833e+08
2.432911617072333694e+08
2.453018324651444554e+08
2.473125032230553329e+08
2.493231739809664190e+08
2.513338447388775051e+08
2.533445154967883825e+08
2.553551862546994686e+08
2.573658570126105547e+08
2.593765277705214620e+08
2.613871985284325182e+08
2.633978692863436043e+08
2.654085400442545116e+08
2.674192108021655679e+08
2.694298815600766540e+08
2.714405523179875612e+08
2.734512230758986473e+08
2.754618938338097334e+08
2.774725645917206407e+08
2.794832353496316671e+08
2.814939061075427532e+08
2.835045768654536605e+08
2.855152476233647466e+08
2.875259183812758327e+08
2.895365891391869187e+08
2.915472598970978260e+08
2.935579306550088525e+08
2.955686014129199386e+08
2.975792721708308458e+08
2.995899429287419319e+08
3.016006136866530180e+08
3.036112844445639253e+08
3.056219552024750113e+08
3.076326259603860974e+08
3.096432967182969451e+08
3.116539674762080312e+08
3.136646382341191173e+08
3.156753089920300245e+08
3.176859797499411106e+08
3.196966505078521967e+08
3.217073212657631040e+08
3.237179920236741304e+08
3.257286627815852165e+08
3.277393335394961238e+08
3.297500042974072099e+08
3.317606750553182960e+08
3.337713458132292032e+08
3.357820165711402893e+08
3.377926873290513158e+08
3.398033580869622231e+08
3.418140288448733091e+08
3.438246996027843952e+08
3.458353703606953025e+08
3.478460411186063886e+08
3.498567118765174747e+08
3.518673826344283223e+08
3.538780533923394084e+08
3.558887241502504945e+08
3.578993949081614017e+08
3.599100656660724878e+08
3.619207364239835739e+08
3.639314071818944812e+08
3.659420779398055673e+08
3.679527486977165937e+08
3.699634194556275010e+08
3.719740902135385871e+08
3.739847609714496732e+08
3.759954317293605804e+08
3.780061024872716665e+08
3.800167732451827526e+08
3.820274440030936003e+08
3.840381147610046864e+08
3.860487855189157724e+08
3.880594562768266797e+08
3.900701270347377658e+08
3.920807977926488519e+08
3.940914685505597591e+08
3.961021393084707856e+08
3.981128100663818717e+08
4.001234808242927790e+08
4.021341515822038651e+08
4.041448223401149511e+08
4.061554930980258584e+08
4.081661638559369445e+08
4.101768346138480306e+08
4.121875053717588782e+08
4.141981761296699643e+08
4.162088468875810504e+08
4.182195176454919577e+08
4.202301884034030437e+08
4.222408591613141298e+08
4.242515299192252159e+08
4.262622006771360636e+08
4.282728714350471497e+08
4.302835421929582357e+08
4.322942129508691430e+08
4.343048837087802291e+08
4.363155544666913152e+08
4.383262252246022224e+08
4.403368959825132489e+08
4.423475667404243350e+08
4.443582374983352423e+08
4.463689082562463284e+08
4.483795790141574144e+08
4.503902497720683217e+08
4.524009205299794078e+08
4.544115912878904939e+08
4.564222620458013415e+08
4.584329328037124276e+08
4.604436035616235137e+08
4.624542743195344210e+08
4.644649450774455070e+08
4.664756158353565931e+08
4.684862865932674408e+08
4.704969573511785269e+08
4.725076281090896130e+08
4.745182988670005202e+08
4.765289696249116063e+08
4.785396403828226924e+08
4.805503111407335997e+08
4.825609818986446857e+08
4.845716526565557122e+08
4.865823234144666195e+08
4.885929941723777056e+08
4.906036649302887917e+08
4.926143356881996989e+08
4.946250064461107850e+08
4.966356772040218711e+08
4.986463479619327188e+08
5.006570187198438048e+08
5.026676894777548909e+08
5.046783602356657982e+08
5.066890309935768843e+08
5.086997017514879704e+08
5.107103725093988776e+08
5.127210432673099041e+08
5.147317140252209902e+08
5.167423847831318974e+08
5.187530555410429835e+08
5.207637262989540696e+08
5.227743970568649769e+08
5.247850678147760630e+08
5.267957385726871490e+08
5.288064093305979967e+08
5.308170800885090828e+08
5.328277508464201689e+08
5.348384216043310761e+08
5.368490923622421622e+08
5.388597631201531887e+08
5.408704338780641556e+08
5.428811046359752417e+08
5.448917753938863277e+08
5.469024461517974138e+08
5.489131169097082615e+08
5.509237876676193476e+08
5.529344584255304337e+08
5.549451291834412813e+08
5.569557999413523674e+08
5.589664706992634535e+08
5.609771414571744204e+08
5.629878122150855064e+08
5.649984829729964733e+08
5.670091537309074402e+08
5.690198244888185263e+08
5.710304952467296124e+08
5.730411660046404600e+08
5.750518367625515461e+08
5.770625075204626322e+08
5.790731782783734798e+08
5.810838490362845659e+08
5.830945197941956520e+08
5.851051905521066189e+08
5.871158613100177050e+08
5.891265320679287910e+08
5.911372028258396387e+08
5.931478735837507248e+08
5.951585443416618109e+08
5.971692150995726585e+08
5.991798858574837446e+08
6.011905566153948307e+08
6.032012273733057976e+08
6.052118981312168837e+08
6.072225688891279697e+08
6.092332396470388174e+08
6.112439104049499035e+08
6.132545811628609896e+08
6.152652519207718372e+08
6.172759226786829233e+08
6.192865934365940094e+08
6.212972641945049763e+08
6.233079349524159431e+08
6.253186057103270292e+08
6.273292764682379961e+08
6.293399472261490822e+08
6.313506179840601683e+08
6.333612887419710159e+08
6.353719594998821020e+08
6.373826302577931881e+08
6.393933010157040358e+08
6.414039717736151218e+08
6.434146425315262079e+08
6.454253132894371748e+08
6.474359840473482609e+08
6.494466548052593470e+08
6.514573255631701946e+08
6.534679963210812807e+08
6.554786670789923668e+08
6.574893378369032145e+08
6.595000085948143005e+08
6.615106793527253866e+08
6.635213501106363535e+08
6.655320208685474396e+08
6.675426916264584064e+08
6.695533623843693733e+08
6.715640331422804594e+08
6.735747039001915455e+08
6.755853746581023932e+08
6.775960454160134792e+08
6.796067161739245653e+08
6.816173869318356514e+08
6.836280576897464991e+08
6.856387284476575851e+08
6.876493992055686712e+08
6.896600699634796381e+08
6.916707407213907242e+08
6.936814114793018103e+08
6.956920822372126579e+08
6.977027529951237440e+08
6.997134237530348301e+08
7.017240945109456778e+08
7.037347652688567638e+08
7.057454360267678499e+08
7.077561067846788168e+08
7.097667775425899029e+08
7.117774483005008698e+08
7.137881190584118366e+08
7.157987898163229227e+08
7.178094605742340088e+08
7.198201313321448565e+08
7.218308020900559425e+08
7.238414728479670286e+08
7.258521436058778763e+08
7.278628143637889624e+08
7.298734851217000484e+08
7.318841558796110153e+08
7.338948266375221014e+08
7.359054973954331875e+08
7.379161681533440351e+08
7.399268389112551212e+08
7.419375096691662073e+08
7.439481804270770550e+08
7.459588511849881411e+08
7.479695219428992271e+08
7.499801927008101940e+08
7.519908634587212801e+08
7.540015342166323662e+08
7.560122049745432138e+08
7.580228757324542999e+08
7.600335464903653860e+08
7.620442172482762337e+08
7.640548880061873198e+08
7.660655587640984058e+08
7.680762295220093727e+08
7.700869002799203396e+08
7.720975710378314257e+08
7.741082417957423925e+08
7.761189125536534786e+08
7.781295833115645647e+08
7.801402540694754124e+08
7.821509248273864985e+08
7.841615955852975845e+08
7.861722663432084322e+08
7.881829371011195183e+08
7.901936078590306044e+08
7.922042786169415712e+08
7.942149493748526573e+08
7.962256201327637434e+08
7.982362908906745911e+08
8.002469616485856771e+08
8.022576324064967632e+08
8.042683031644076109e+08
8.062789739223184586e+08
8.082896446802293062e+08
8.103003154381401539e+08
