-6.032012273733058013e+06
-4.021341515822038520e+06
-2.010670757911019260e+06
2.068012985676184386e-42
2.010670757911019260e+06
4.021341515822038520e+06
6.032012273733058013e+06
8.042683031644077040e+06
1.005335378955509700e+07
1.206402454746611603e+07
1.407469530537713505e+07
1.608536606328815408e+07
1.809603682119917125e+07
2.010670757911019400e+07
2.211737833702121302e+07
2.412804909493223205e+07
2.613871985284325108e+07
2.814939061075427011e+07
3.016006136866528541e+07
3.217073212657630816e+07
3.418140288448733091e+07
3.619207364239834249e+07
3.820274440030936152e+07
4.021341515822038800e+07
4.222408591613140702e+07
4.423475667404242605e+07
4.624542743195343763e+07
4.825609818986446410e+07
5.026676894777548313e+07
5.227743970568650216e+07
5.428811046359751374e+07
5.629878122150854021e+07
5.830945197941955924e+07
6.032012273733057082e+07
6.233079349524158984e+07
6.434146425315261632e+07
6.635213501106363535e+07
6.836280576897466183e+07
7.037347652688567340e+07
7.238414728479668498e+07
7.439481804270771146e+07
7.640548880061872303e+07
7.841615955852974951e+07
8.042683031644077599e+07
8.243750107435178757e+07
8.444817183226281404e+07
8.645884259017382562e+07
8.846951334808485210e+07
9.048018410599586368e+07
9.249085486390687525e+07
9.450152562181790173e+07
9.651219637972892821e+07
9.852286713763993979e+07
1.005335378955509663e+08
1.025442086534619778e+08
1.045548794113730043e+08
1.065655501692840159e+08
1.085762209271950275e+08
1.105868916851060688e+08
1.125975624430170804e+08
1.146082332009280920e+08
1.166189039588391185e+08
1.186295747167501301e+08
1.206402454746611416e+08
1.226509162325721681e+08
1.246615869904831797e+08
1.266722577483942211e+08
1.286829285063052326e+08
1.306935992642162442e+08
1.327042700221272707e+08
1.347149407800382972e+08
1.367256115379493237e+08
1.387362822958603203e+08
1.407469530537713468e+08
1.427576238116823733e+08
1.447682945695933700e+08
1.467789653275043964e+08
1.487896360854154229e+08
1.508003068433264494e+08
1.528109776012374461e+08
1.548216483591484725e+08
1.568323191170594990e+08
1.588429898749705255e+08
1.608536606328815520e+08
1.628643313907925487e+08
1.648750021487035751e+08
1.668856729066146016e+08
1.688963436645256281e+08
1.709070144224366248e+08
1.729176851803476512e+08
1.749283559382586777e+08
1.769390266961697042e+08
1.789496974540807009e+08
1.809603682119917274e+08
1.829710389699027538e+08
1.849817097278137505e+08
1.869923804857247770e+08
1.890030512436358035e+08
1.910137220015468299e+08
1.930243927594578564e+08
1.950350635173688531e+08
1.970457342752798796e+08
1.990564050331909060e+08
2.010670757911019325e+08
2.030777465490129590e+08
2.050884173069239557e+08
2.070990880648349822e+08
2.091097588227460086e+08
2.111204295806570053e+08
2.131311003385680318e+08
2.151417710964790881e+08
2.171524418543900549e+08
2.191631126123011112e+08
2.211737833702121377e+08
2.231844541281231344e+08
2.251951248860341609e+08
2.272057956439451873e+08
2.292164664018561840e+08
2.312271371597672105e+08
2.332378079176782370e+08
2.352484786755892336e+08
2.372591494335002601e+08
2.392698201914112866e+08
2.412804909493222833e+08
2.432911617072333097e+08
2.453018324651443362e+08
2.473125032230553925e+08
2.493231739809663594e+08
2.513338447388774157e+08
2.533445154967884421e+08
2.553551862546994388e+08
2.573658570126104653e+08
2.593765277705214918e+08
2.613871985284324884e+08
2.633978692863435149e+08
2.654085400442545414e+08
2.674192108021655381e+08
2.694298815600765944e+08
2.714405523179876208e+08
2.734512230758986473e+08
2.754618938338096142e+08
2.774725645917206407e+08
2.794832353496316671e+08
2.814939061075426936e+08
2.835045768654537201e+08
2.855152476233647466e+08
2.875259183812757134e+08
2.895365891391867399e+08
2.915472598970978260e+08
2.935579306550087929e+08
2.955686014129198194e+08
2.975792721708308458e+08
2.995899429287418723e+08
3.016006136866528988e+08
3.036112844445639253e+08
3.056219552024748921e+08
3.076326259603859186e+08
3.096432967182969451e+08
3.116539674762079716e+08
3.136646382341189981e+08
3.156753089920300245e+08
3.176859797499410510e+08
3.196966505078520179e+08
3.217073212657631040e+08
3.237179920236741304e+08
3.257286627815850973e+08
3.277393335394961238e+08
3.297500042974071503e+08
3.317606750553181767e+08
3.337713458132292032e+08
3.357820165711402297e+08
3.377926873290512562e+08
3.398033580869622231e+08
3.418140288448732495e+08
3.438246996027843356e+08
3.458353703606953025e+08
3.478460411186063290e+08
3.498567118765173554e+08
3.518673826344283223e+08
3.538780533923394084e+08
3.558887241502504349e+08
3.578993949081614017e+08
3.599100656660724282e+08
3.619207364239834547e+08
3.639314071818944812e+08
3.659420779398055077e+08
3.679527486977165341e+08
3.699634194556275010e+08
3.719740902135385275e+08
3.739847609714495540e+08
3.759954317293606400e+08
3.780061024872716069e+08
3.800167732451826334e+08
3.820274440030936599e+08
3.840381147610046864e+08
3.860487855189157128e+08
3.880594562768267393e+08
3.900701270347377062e+08
3.920807977926487327e+08
3.940914685505597591e+08
3.961021393084707856e+08
3.981128100663818121e+08
4.001234808242928386e+08
4.021341515822038651e+08
4.041448223401148319e+08
4.061554930980259180e+08
4.081661638559369445e+08
4.101768346138479114e+08
4.121875053717589378e+08
4.141981761296699643e+08
4.162088468875809908e+08
4.182195176454920173e+08
4.202301884034030437e+08
4.222408591613140106e+08
4.242515299192250967e+08
4.262622006771360636e+08
4.282728714350470901e+08
4.302835421929581761e+08
4.322942129508691430e+08
4.343048837087801099e+08
4.363155544666911960e+08
4.383262252246022224e+08
4.403368959825131893e+08
4.423475667404242754e+08
4.443582374983352423e+08
4.463689082562462687e+08
4.483795790141572952e+08
4.503902497720683217e+08
4.524009205299792886e+08
4.544115912878903747e+08
4.564222620458013415e+08
4.584329328037123680e+08
4.604436035616234541e+08
4.624542743195344210e+08
4.644649450774453878e+08
4.664756158353564739e+08
4.684862865932674408e+08
4.704969573511784673e+08
4.725076281090895534e+08
4.745182988670005202e+08
4.765289696249114871e+08
4.785396403828225732e+08
4.805503111407335997e+08
4.825609818986445665e+08
4.845716526565556526e+08
4.865823234144666195e+08
4.885929941723777056e+08
4.906036649302886724e+08
4.926143356881996989e+08
4.946250064461107850e+08
4.966356772040217519e+08
4.986463479619327188e+08
5.006570187198438048e+08
5.026676894777548313e+08
5.046783602356657982e+08
5.066890309935768843e+08
5.086997017514878511e+08
5.107103725093988776e+08
5.127210432673099041e+08
5.147317140252209306e+08
5.167423847831318974e+08
5.187530555410429835e+08
5.207637262989539504e+08
5.227743970568649769e+08
5.247850678147760630e+08
5.267957385726870298e+08
5.288064093305979967e+08
5.308170800885090828e+08
5.328277508464201093e+08
5.348384216043310761e+08
5.368490923622421622e+08
5.388597631201531887e+08
5.408704338780641556e+08
5.428811046359752417e+08
5.448917753938862085e+08
5.469024461517972946e+08
5.489131169097082615e+08
5.509237876676192284e+08
5.529344584255303144e+08
5.549451291834412813e+08
5.569557999413522482e+08
5.589664706992633343e+08
5.609771414571744204e+08
5.629878122150853872e+08
5.649984829729964733e+08
5.670091537309074402e+08
5.690198244888184071e+08
5.710304952467294931e+08
5.730411660046404600e+08
5.750518367625514269e+08
5.770625075204625130e+08
5.790731782783734798e+08
5.810838490362845659e+08
5.830945197941956520e+08
5.851051905521066189e+08
5.871158613100175858e+08
5.891265320679286718e+08
5.911372028258396387e+08
5.931478735837506056e+08
5.951585443416616917e+08
5.971692150995726585e+08
5.991798858574837446e+08
6.011905566153947115e+08
6.032012273733057976e+08
6.052118981312167645e+08
6.072225688891278505e+08
6.092332396470388174e+08
6.112439104049497843e+08
6.132545811628608704e+08
6.152652519207718372e+08
6.172759226786829233e+08
6.192865934365938902e+08
6.212972641945049763e+08
6.233079349524159431e+08
6.253186057103270292e+08
6.273292764682379961e+08
6.293399472261490822e+08
6.313506179840600491e+08
6.333612887419710159e+08
6.353719594998821020e+08
6.373826302577930689e+08
6.393933010157040358e+08
6.414039717736151218e+08
6.434146425315262079e+08
6.454253132894371748e+08
6.474359840473482609e+08
6.494466548052592278e+08
6.514573255631701946e+08
6.534679963210812807e+08
6.554786670789922476e+08
6.574893378369032145e+08
6.595000085948143005e+08
6.615106793527252674e+08
6.635213501106363535e+08
6.655320208685474396e+08
6.675426916264584064e+08
6.695533623843693733e+08
6.715640331422804594e+08
6.735747039001914263e+08
6.755853746581025124e+08
6.775960454160134792e+08
6.796067161739244461e+08
6.816173869318355322e+08
6.836280576897464991e+08
6.856387284476575851e+08
6.876493992055686712e+08
6.896600699634796381e+08
6.916707407213906050e+08
6.936814114793016911e+08
6.956920822372126579e+08
6.977027529951236248e+08
6.997134237530347109e+08
7.017240945109456778e+08
7.037347652688566446e+08
7.057454360267677307e+08
7.077561067846788168e+08
7.097667775425897837e+08
7.117774483005008698e+08
7.137881190584118366e+08
7.157987898163228035e+08
7.178094605742338896e+08
7.198201313321448565e+08
7.218308020900558233e+08
7.238414728479669094e+08
7.258521436058778763e+08
7.278628143637889624e+08
7.298734851217000484e+08
7.318841558796110153e+08
7.338948266375219822e+08
7.359054973954330683e+08
7.379161681533440351e+08
7.399268389112550020e+08
7.419375096691660881e+08
7.439481804270770550e+08
7.459588511849881411e+08
7.479695219428991079e+08
7.499801927008101940e+08
7.519908634587212801e+08
7.540015342166322470e+08
7.560122049745432138e+08
7.580228757324542999e+08
7.600335464903652668e+08
7.620442172482762337e+08
7.640548880061873198e+08
7.660655587640982866e+08
7.680762295220093727e+08
7.700869002799203396e+08
7.720975710378314257e+08
7.741082417957423925e+08
7.761189125536534786e+08
7.781295833115644455e+08
7.801402540694754124e+08
7.821509248273864985e+08
7.841615955852974653e+08
7.861722663432084322e+08
7.881829371011195183e+08
7.901936078590306044e+08
7.922042786169415712e+08
7.942149493748526573e+08
7.962256201327636242e+08
7.982362908906745911e+08
8.002469616485856771e+08
8.022576324064966440e+08
8.042683031644076109e+08
8.062789739223185778e+08
8.082896446802295446e+08
8.103003154381405115e+08
