-6.434907579820796847e+06
-4.289938386547197588e+06
-2.144969193273598794e+06
2.068257630000000081e-42
2.144969193273598794e+06
4.289938386547197588e+06
6.434907579820796847e+06
8.579876773094395176e+06
1.072484596636799350e+07
1.286981515964159369e+07
1.501478435291519016e+07
1.715975354618879035e+07
1.930472273946239054e+07
2.144969193273598701e+07
2.359466112600958720e+07
2.573963031928318739e+07
2.788459951255678385e+07
3.002956870583038032e+07
3.217453789910398424e+07
3.431950709237758070e+07
3.646447628565117717e+07
3.860944547892478108e+07
4.075441467219837755e+07
4.289938386547197402e+07
4.504435305874557793e+07
4.718932225201917440e+07
4.933429144529277086e+07
5.147926063856637478e+07
5.362422983183996379e+07
5.576919902511356771e+07
5.791416821838717163e+07
6.005913741166076064e+07
6.220410660493436456e+07
6.434907579820796847e+07
6.649404499148155749e+07
6.863901418475516140e+07
7.078398337802876532e+07
7.292895257130235434e+07
7.507392176457595825e+07
7.721889095784956217e+07
7.936386015112315118e+07
8.150882934439675510e+07
8.365379853767035902e+07
8.579876773094394803e+07
8.794373692421755195e+07
9.008870611749115586e+07
9.223367531076474488e+07
9.437864450403834879e+07
9.652361369731195271e+07
9.866858289058554173e+07
1.008135520838591456e+08
1.029585212771327496e+08
1.051034904704063386e+08
1.072484596636799276e+08
1.093934288569535464e+08
1.115383980502271354e+08
1.136833672435007244e+08
1.158283364367743433e+08
1.179733056300479323e+08
1.201182748233215213e+08
1.222632440165951401e+08
1.244082132098687291e+08
1.265531824031423181e+08
1.286981515964159369e+08
1.308431207896895260e+08
1.329880899829631150e+08
1.351330591762367189e+08
1.372780283695103228e+08
1.394229975627838969e+08
1.415679667560575306e+08
1.437129359493311048e+08
1.458579051426047087e+08
1.480028743358783126e+08
1.501478435291519165e+08
1.522928127224254906e+08
1.544377819156991243e+08
1.565827511089726985e+08
1.587277203022463024e+08
1.608726894955199063e+08
1.630176586887935102e+08
1.651626278820670843e+08
1.673075970753407180e+08
1.694525662686142921e+08
1.715975354618878961e+08
1.737425046551615000e+08
1.758874738484351039e+08
1.780324430417086780e+08
1.801774122349823117e+08
1.823223814282558858e+08
1.844673506215294898e+08
1.866123198148030937e+08
1.887572890080766976e+08
1.909022582013502717e+08
1.930472273946239054e+08
1.951921965878974795e+08
1.973371657811710835e+08
1.994821349744446874e+08
2.016271041677182913e+08
2.037720733609918654e+08
2.059170425542654991e+08
2.080620117475390732e+08
2.102069809408126771e+08
2.123519501340862811e+08
2.144969193273598552e+08
2.166418885206334591e+08
2.187868577139070928e+08
2.209318269071806669e+08
2.230767961004542708e+08
2.252217652937278748e+08
2.273667344870014489e+08
2.295117036802750528e+08
2.316566728735486865e+08
2.338016420668222308e+08
2.359466112600958645e+08
2.380915804533694685e+08
2.402365496466430426e+08
2.423815188399166465e+08
2.445264880331902802e+08
2.466714572264638245e+08
2.488164264197374582e+08
2.509613956130110621e+08
2.531063648062846363e+08
2.552513339995582402e+08
2.573963031928318739e+08
2.595412723861054182e+08
2.616862415793790519e+08
2.638312107726526558e+08
2.659761799659262300e+08
2.681211491591998339e+08
2.702661183524734378e+08
2.724110875457470417e+08
2.745560567390206456e+08
2.767010259322942495e+08
2.788459951255677938e+08
2.809909643188414574e+08
2.831359335121150613e+08
2.852809027053886056e+08
2.874258718986622095e+08
2.895708410919358730e+08
2.917158102852094173e+08
2.938607794784830213e+08
2.960057486717566252e+08
2.981507178650302291e+08
3.002956870583038330e+08
3.024406562515774369e+08
3.045856254448509812e+08
3.067305946381246448e+08
3.088755638313982487e+08
3.110205330246717930e+08
3.131655022179453969e+08
3.153104714112190604e+08
3.174554406044926047e+08
3.196004097977662086e+08
3.217453789910398126e+08
3.238903481843134165e+08
3.260353173775870204e+08
3.281802865708606243e+08
3.303252557641341686e+08
3.324702249574078321e+08
3.346151941506814361e+08
3.367601633439549804e+08
3.389051325372285843e+08
3.410501017305022478e+08
3.431950709237757921e+08
3.453400401170493960e+08
3.474850093103230000e+08
3.496299785035966039e+08
3.517749476968702078e+08
3.539199168901438117e+08
3.560648860834173560e+08
3.582098552766910195e+08
3.603548244699646235e+08
3.624997936632381678e+08
3.646447628565117717e+08
3.667897320497854352e+08
3.689347012430589795e+08
3.710796704363325834e+08
3.732246396296061873e+08
3.753696088228797913e+08
3.775145780161533952e+08
3.796595472094269991e+08
3.818045164027005434e+08
3.839494855959742069e+08
3.860944547892478108e+08
3.882394239825213552e+08
3.903843931757949591e+08
3.925293623690685630e+08
3.946743315623421669e+08
3.968193007556157708e+08
3.989642699488893747e+08
4.011092391421629786e+08
4.032542083354365826e+08
4.053991775287101865e+08
4.075441467219837308e+08
4.096891159152573943e+08
4.118340851085309982e+08
4.139790543018046021e+08
4.161240234950781465e+08
4.182689926883517504e+08
4.204139618816253543e+08
4.225589310748989582e+08
4.247039002681725621e+08
4.268488694614461660e+08
4.289938386547197104e+08
4.311388078479933143e+08
4.332837770412669182e+08
4.354287462345405817e+08
4.375737154278141856e+08
4.397186846210877895e+08
4.418636538143613338e+08
4.440086230076349378e+08
4.461535922009085417e+08
4.482985613941821456e+08
4.504435305874557495e+08
4.525884997807293534e+08
4.547334689740028977e+08
4.568784381672765017e+08
4.590234073605501056e+08
4.611683765538237691e+08
4.633133457470973730e+08
4.654583149403709769e+08
4.676032841336444616e+08
4.697482533269181252e+08
4.718932225201917291e+08
4.740381917134653330e+08
4.761831609067389369e+08
4.783281301000125408e+08
4.804730992932860851e+08
4.826180684865596890e+08
4.847630376798332930e+08
4.869080068731069565e+08
4.890529760663805604e+08
4.911979452596541643e+08
4.933429144529276490e+08
4.954878836462013125e+08
4.976328528394749165e+08
4.997778220327485204e+08
5.019227912260221243e+08
5.040677604192957282e+08
5.062127296125692725e+08
5.083576988058428764e+08
5.105026679991164804e+08
5.126476371923900843e+08
5.147926063856637478e+08
5.169375755789373517e+08
5.190825447722108364e+08
5.212275139654844999e+08
5.233724831587581038e+08
5.255174523520317078e+08
5.276624215453053117e+08
5.298073907385789156e+08
5.319523599318524599e+08
5.340973291251260638e+08
5.362422983183996677e+08
5.383872675116733313e+08
5.405322367049468756e+08
5.426772058982205391e+08
5.448221750914940834e+08
5.469671442847676277e+08
5.491121134780412912e+08
5.512570826713148355e+08
5.534020518645884991e+08
5.555470210578620434e+08
5.576919902511355877e+08
5.598369594444092512e+08
5.619819286376829147e+08
5.641268978309564590e+08
5.662718670242301226e+08
5.684168362175036669e+08
5.705618054107772112e+08
5.727067746040508747e+08
5.748517437973244190e+08
5.769967129905980825e+08
5.791416821838717461e+08
5.812866513771451712e+08
5.834316205704188347e+08
5.855765897636924982e+08
5.877215589569660425e+08
5.898665281502397060e+08
5.920114973435132504e+08
5.941564665367867947e+08
5.963014357300604582e+08
5.984464049233340025e+08
6.005913741166076660e+08
6.027363433098812103e+08
6.048813125031548738e+08
6.070262816964284182e+08
6.091712508897019625e+08
6.113162200829756260e+08
6.134611892762492895e+08
6.156061584695228338e+08
6.177511276627964973e+08
6.198960968560700417e+08
6.220410660493435860e+08
6.241860352426172495e+08
6.263310044358907938e+08
6.284759736291644573e+08
6.306209428224381208e+08
6.327659120157115459e+08
6.349108812089852095e+08
6.370558504022588730e+08
6.392008195955324173e+08
6.413457887888060808e+08
6.434907579820796251e+08
6.456357271753531694e+08
6.477806963686268330e+08
6.499256655619003773e+08
6.520706347551740408e+08
6.542156039484475851e+08
6.563605731417212486e+08
6.585055423349947929e+08
6.606505115282683372e+08
6.627954807215420008e+08
6.649404499148156643e+08
6.670854191080892086e+08
6.692303883013628721e+08
6.713753574946364164e+08
6.735203266879099607e+08
6.756652958811836243e+08
6.778102650744571686e+08
6.799552342677308321e+08
6.821002034610044956e+08
6.842451726542779207e+08
6.863901418475515842e+08
6.885351110408252478e+08
6.906800802340987921e+08
6.928250494273724556e+08
6.949700186206459999e+08
6.971149878139195442e+08
6.992599570071932077e+08
7.014049262004667521e+08
7.035498953937404156e+08
7.056948645870139599e+08
7.078398337802876234e+08
7.099848029735611677e+08
7.121297721668347120e+08
7.142747413601083755e+08
7.164197105533820391e+08
7.185646797466555834e+08
7.207096489399292469e+08
7.228546181332027912e+08
7.249995873264763355e+08
7.271445565197499990e+08
7.292895257130235434e+08
7.314344949062972069e+08
7.335794640995708704e+08
7.357244332928442955e+08
7.378694024861179590e+08
7.400143716793915033e+08
7.421593408726651669e+08
7.443043100659388304e+08
7.464492792592123747e+08
7.485942484524859190e+08
7.507392176457595825e+08
7.528841868390331268e+08
7.550291560323067904e+08
7.571741252255803347e+08
7.593190944188539982e+08
7.614640636121275425e+08
7.636090328054010868e+08
7.657540019986747503e+08
7.678989711919484138e+08
7.700439403852219582e+08
7.721889095784956217e+08
7.743338787717691660e+08
7.764788479650427103e+08
7.786238171583163738e+08
7.807687863515899181e+08
7.829137555448635817e+08
7.850587247381371260e+08
7.872036939314106703e+08
7.893486631246843338e+08
7.914936323179578781e+08
7.936386015112315416e+08
7.957835707045052052e+08
7.979285398977787495e+08
8.000735090910522938e+08
8.022184782843259573e+08
8.043634474775995016e+08
8.065084166708730459e+08
8.086533858641465902e+08
8.107983550574201345e+08
