-4.086166313186205626e+08
-4.064716621253469586e+08
-4.043266929320733547e+08
-4.021817237387997508e+08
-4.000367545455261469e+08
-3.978917853522526026e+08
-3.957468161589789391e+08
-3.936018469657053351e+08
-3.914568777724317908e+08
-3.893119085791581869e+08
-3.871669393858845830e+08
-3.850219701926109791e+08
-3.828770009993373752e+08
-3.807320318060637712e+08
-3.785870626127901673e+08
-3.764420934195165634e+08
-3.742971242262429595e+08
-3.721521550329694152e+08
-3.700071858396957517e+08
-3.678622166464221478e+08
-3.657172474531486034e+08
-3.635722782598749995e+08
-3.614273090666013956e+08
-3.592823398733277917e+08
-3.571373706800541878e+08
-3.549924014867805839e+08
-3.528474322935069799e+08
-3.507024631002333760e+08
-3.485574939069598317e+08
-3.464125247136862278e+08
-3.442675555204126239e+08
-3.421225863271389604e+08
-3.399776171338654160e+08
-3.378326479405918121e+08
-3.356876787473182082e+08
-3.335427095540446043e+08
-3.313977403607710004e+08
-3.292527711674973965e+08
-3.271078019742237926e+08
-3.249628327809501886e+08
-3.228178635876766443e+08
-3.206728943944030404e+08
-3.185279252011294365e+08
-3.163829560078557730e+08
-3.142379868145822287e+08
-3.120930176213086247e+08
-3.099480484280350208e+08
-3.078030792347614169e+08
-3.056581100414878130e+08
-3.035131408482142091e+08
-3.013681716549406052e+08
-2.992232024616670012e+08
-2.970782332683934569e+08
-2.949332640751198530e+08
-2.927882948818462491e+08
-2.906433256885725856e+08
-2.884983564952990413e+08
-2.863533873020254374e+08
-2.842084181087518334e+08
-2.820634489154782295e+08
-2.799184797222046256e+08
-2.777735105289310217e+08
-2.756285413356574178e+08
-2.734835721423838139e+08
-2.713386029491102695e+08
-2.691936337558366656e+08
-2.670486645625630319e+08
-2.649036953692894280e+08
-2.627587261760158539e+08
-2.606137569827422500e+08
-2.584687877894686759e+08
-2.563238185961950421e+08
-2.541788494029214382e+08
-2.520338802096478343e+08
-2.498889110163742602e+08
-2.477439418231006563e+08
-2.455989726298270822e+08
-2.434540034365534782e+08
-2.413090342432798445e+08
-2.391640650500062406e+08
-2.370190958567326665e+08
-2.348741266634590626e+08
-2.327291574701854885e+08
-2.305841882769118845e+08
-2.284392190836382508e+08
-2.262942498903646469e+08
-2.241492806970910728e+08
-2.220043115038174689e+08
-2.198593423105438948e+08
-2.177143731172702909e+08
-2.155694039239966571e+08
-2.134244347307230532e+08
-2.112794655374494791e+08
-2.091344963441758752e+08
-2.069895271509023011e+08
-2.048445579576286972e+08
-2.026995887643550634e+08
-2.005546195710814893e+08
-1.984096503778078854e+08
-1.962646811845342815e+08
-1.941197119912607074e+08
-1.919747427979871035e+08
-1.898297736047134697e+08
-1.876848044114398956e+08
-1.855398352181662917e+08
-1.833948660248926878e+08
-1.812498968316191137e+08
-1.791049276383455098e+08
-1.769599584450718760e+08
-1.748149892517983019e+08
-1.726700200585246980e+08
-1.705250508652510941e+08
-1.683800816719775200e+08
-1.662351124787039161e+08
-1.640901432854302824e+08
-1.619451740921567082e+08
-1.598002048988831043e+08
-1.576552357056095004e+08
-1.555102665123359263e+08
-1.533652973190623224e+08
-1.512203281257886887e+08
-1.490753589325151145e+08
-1.469303897392415106e+08
-1.447854205459679067e+08
-1.426404513526943326e+08
-1.404954821594207287e+08
-1.383505129661470950e+08
-1.362055437728735209e+08
-1.340605745795999169e+08
-1.319156053863263130e+08
-1.297706361930527389e+08
-1.276256669997791201e+08
-1.254806978065055162e+08
-1.233357286132319421e+08
-1.211907594199583232e+08
-1.190457902266847193e+08
-1.169008210334111452e+08
-1.147558518401375264e+08
-1.126108826468639225e+08
-1.104659134535903484e+08
-1.083209442603167295e+08
-1.061759750670431256e+08
-1.040310058737695515e+08
-1.018860366804959327e+08
-9.974106748722232878e+07
-9.759609829394875467e+07
-9.545112910067513585e+07
-9.330615990740153193e+07
-9.116119071412795782e+07
-8.901622152085433900e+07
-8.687125232758073509e+07
-8.472628313430716097e+07
-8.258131394103354216e+07
-8.043634474775993824e+07
-7.829137555448636413e+07
-7.614640636121274531e+07
-7.400143716793914139e+07
-7.185646797466556728e+07
-6.971149878139194846e+07
-6.756652958811834455e+07
-6.542156039484477043e+07
-6.327659120157115906e+07
-6.113162200829754770e+07
-5.898665281502397358e+07
-5.684168362175036222e+07
-5.469671442847675085e+07
-5.255174523520317674e+07
-5.040677604192956537e+07
-4.826180684865595400e+07
-4.611683765538237989e+07
-4.397186846210876852e+07
-4.182689926883515716e+07
-3.968193007556158304e+07
-3.753696088228797168e+07
-3.539199168901436031e+07
-3.324702249574078992e+07
-3.110205330246717483e+07
-2.895708410919356346e+07
-2.681211491591999307e+07
-2.466714572264637798e+07
-2.252217652937276661e+07
-2.037720733609919623e+07
-1.823223814282558113e+07
-1.608726894955196790e+07
-1.394229975627839938e+07
-1.179733056300478615e+07
-9.652361369731171057e+06
-7.507392176457603462e+06
-5.362422983183989301e+06
-3.217453789910375141e+06
-1.072484596636807080e+06
1.072484596636807080e+06
3.217453789910421241e+06
5.362422983183989301e+06
7.507392176457603462e+06
9.652361369731217623e+06
1.179733056300483271e+07
1.394229975627835467e+07
1.608726894955196790e+07
1.823223814282558113e+07
2.037720733609919623e+07
2.252217652937281132e+07
2.466714572264642641e+07
2.681211491591994837e+07
2.895708410919356346e+07
3.110205330246717483e+07
3.324702249574078992e+07
3.539199168901440501e+07
3.753696088228801638e+07
3.968193007556153834e+07
4.182689926883515716e+07
4.397186846210876852e+07
4.611683765538237989e+07
4.826180684865599871e+07
5.040677604192961007e+07
5.255174523520313203e+07
5.469671442847675085e+07
5.684168362175036222e+07
5.898665281502397358e+07
6.113162200829759240e+07
6.327659120157120377e+07
6.542156039484472573e+07
6.756652958811834455e+07
6.971149878139194846e+07
7.185646797466556728e+07
7.400143716793918610e+07
7.614640636121280491e+07
7.829137555448631942e+07
8.043634474775993824e+07
8.258131394103354216e+07
8.472628313430716097e+07
8.687125232758077979e+07
8.901622152085439861e+07
9.116119071412791312e+07
9.330615990740153193e+07
9.545112910067513585e+07
9.759609829394875467e+07
9.974106748722237349e+07
1.018860366804959774e+08
1.040310058737695068e+08
1.061759750670431256e+08
1.083209442603167295e+08
1.104659134535903484e+08
1.126108826468639672e+08
1.147558518401375711e+08
1.169008210334111005e+08
1.190457902266847193e+08
1.211907594199583232e+08
1.233357286132319421e+08
1.254806978065055609e+08
1.276256669997791648e+08
1.297706361930526942e+08
1.319156053863263130e+08
1.340605745795999169e+08
1.362055437728735209e+08
1.383505129661471546e+08
1.404954821594207585e+08
1.426404513526942730e+08
1.447854205459679067e+08
1.469303897392415106e+08
1.490753589325151145e+08
1.512203281257887483e+08
1.533652973190622628e+08
1.555102665123358667e+08
1.576552357056095004e+08
1.598002048988831043e+08
1.619451740921567082e+08
1.640901432854303420e+08
1.662351124787038565e+08
1.683800816719774604e+08
1.705250508652510941e+08
1.726700200585246980e+08
1.748149892517983019e+08
1.769599584450719357e+08
1.791049276383454502e+08
1.812498968316190541e+08
1.833948660248926878e+08
1.855398352181662917e+08
1.876848044114398956e+08
1.898297736047135293e+08
1.919747427979870439e+08
1.941197119912606478e+08
1.962646811845342815e+08
1.984096503778078854e+08
2.005546195710814893e+08
2.026995887643551230e+08
2.048445579576286376e+08
2.069895271509022415e+08
2.091344963441758752e+08
2.112794655374494791e+08
2.134244347307230830e+08
2.155694039239967167e+08
2.177143731172702312e+08
2.198593423105438352e+08
2.220043115038174689e+08
2.241492806970910728e+08
2.262942498903646767e+08
2.284392190836383104e+08
2.305841882769118249e+08
2.327291574701854289e+08
2.348741266634590626e+08
2.370190958567326665e+08
2.391640650500062704e+08
2.413090342432799041e+08
2.434540034365534186e+08
2.455989726298270226e+08
2.477439418231006563e+08
2.498889110163742602e+08
2.520338802096478641e+08
2.541788494029214978e+08
2.563238185961950123e+08
2.584687877894686162e+08
2.606137569827422500e+08
2.627587261760158539e+08
2.649036953692894578e+08
2.670486645625630915e+08
2.691936337558366060e+08
2.713386029491102099e+08
2.734835721423838139e+08
2.756285413356574178e+08
2.777735105289310813e+08
2.799184797222046852e+08
2.820634489154781699e+08
2.842084181087518334e+08
2.863533873020254374e+08
2.884983564952990413e+08
2.906433256885726452e+08
2.927882948818462491e+08
2.949332640751197934e+08
2.970782332683933973e+08
2.992232024616670012e+08
3.013681716549406052e+08
3.035131408482142687e+08
3.056581100414878726e+08
3.078030792347613573e+08
3.099480484280350208e+08
3.120930176213086247e+08
3.142379868145822287e+08
3.163829560078558326e+08
3.185279252011294365e+08
3.206728943944029808e+08
3.228178635876765847e+08
3.249628327809501886e+08
3.271078019742237926e+08
3.292527711674974561e+08
3.313977403607710600e+08
3.335427095540445447e+08
3.356876787473182082e+08
3.378326479405918121e+08
3.399776171338654160e+08
3.421225863271390200e+08
3.442675555204126239e+08
3.464125247136861682e+08
3.485574939069597721e+08
3.507024631002333760e+08
3.528474322935069799e+08
3.549924014867806435e+08
3.571373706800542474e+08
3.592823398733277321e+08
3.614273090666013956e+08
3.635722782598749995e+08
3.657172474531486034e+08
3.678622166464222074e+08
3.700071858396958113e+08
3.721521550329693556e+08
3.742971242262429595e+08
3.764420934195165634e+08
3.785870626127901673e+08
3.807320318060638309e+08
3.828770009993374348e+08
3.850219701926109195e+08
3.871669393858845830e+08
3.893119085791581869e+08
3.914568777724317908e+08
3.936018469657053947e+08
3.957468161589789987e+08
3.978917853522525430e+08
4.000367545455261469e+08
4.021817237387997508e+08
4.043266929320733547e+08
4.064716621253469586e+08
4.086166313186205626e+08
