300     7     
4     12     16     20     14     28     56     
2     6     8     10     12     14     28     
0.000000000000000000e+00     8.663475543557729106e+05     8.983093575075627724e-02     1.824592133891728696e-01     3.898715718682809195e-01     2.282851256553145695e-07     2.070089360789676147e-01     1.881270319734788116e-02     1.120164114303488223e-01
7.676897941569771775e+26     2.599042663067318965e+06     1.039811717585129441e-01     1.580376646715866140e-01     2.441964857188854421e-01     2.456827771051030530e-07     8.499653545478758065e-02     7.286341472661807261e-02     3.359244819868322796e-01
2.984991564646186685e+27     4.331737771778864786e+06     6.840545608911843822e-02     5.229009103807943926e-02     1.074650922263253733e-01     1.395640026978877289e-07     5.234183092416543753e-02     8.629664404408202150e-02     6.332007461142266092e-01
1.117319875974166140e+28     6.064432880490411073e+06     4.144049873997807110e-02     1.801030775585843804e-02     3.319871648550160731e-02     7.158128914731319120e-08     1.427665855003542802e-02     3.218376432153365052e-02     8.608899825658037352e-01
2.667472140367577863e+28     7.797127989201957360e+06     2.610950355918015275e-02     8.027998493822666518e-03     1.401016067109486438e-02     3.516878990671094244e-08     6.559273511879824999e-03     2.039911474220780507e-02     9.248939138530248849e-01
5.289117902196010067e+28     9.529823097913501784e+06     2.000945889279964057e-02     1.077772595084703494e-02     1.535148330605559316e-02     2.244768395584820456e-08     4.892360725345185936e-03     1.643531130892863026e-02     9.325336373683397184e-01
9.578745902155022680e+28     1.126251820662504807e+07     1.879028203815156367e-02     1.059190157063228527e-02     1.398324990342213713e-02     2.193699717571666945e-08     3.876251000142829587e-03     1.573378484835339861e-02     9.370245087023006958e-01
1.568985200594739115e+29     1.299521331533659250e+07     1.838347187576018851e-02     6.324504937870561484e-03     8.141541298972921475e-03     2.102531636849854321e-08     2.037940745945910747e-03     1.374100899605920287e-02     9.513715111200746755e-01
2.345392403526036401e+29     1.472790842404813878e+07     1.628005613599003629e-02     6.551298507922174476e-03     7.841642131605361388e-03     1.677182110669651720e-08     1.252713956080250693e-03     1.284767375947608488e-02     9.552265987371049150e-01
3.496420294309408827e+29     1.646060353275968693e+07     1.485851171279318171e-02     4.532048995032231416e-03     4.789493933767516136e-03     1.356528779918503863e-08     2.110639761085988649e-04     1.110111836325997602e-02     9.645077494537505070e-01
4.780106057012762924e+29     1.819329864147122949e+07     1.510069696930311546e-02     2.297527261928567106e-03     2.445635043055728510e-03     1.385365040281521383e-08     9.330994693801808058e-05     1.127443575199514256e-02     9.687883811731293759e-01
6.358242386944013691e+29     1.992599375018277764e+07     1.532861392887796548e-02     2.833178719474018555e-03     2.975808433032960110e-03     1.453189350544388885e-08     9.444907082215837598e-05     1.142694259154804909e-02     9.673409927243511452e-01
8.564615796091472164e+29     2.165868885889432579e+07     1.510894334598667475e-02     2.973565963278329994e-03     3.120695638837084947e-03     1.361045704303221604e-08     1.749307045032130173e-04     1.148395317319265800e-02     9.671378975637447972e-01
1.086056133277745259e+30     2.339138396760587022e+07     1.516881603551003925e-02     1.368585476418160201e-03     1.474193323963328330e-03     1.332158322248962928e-08     1.510679998235525451e-04     1.156797068057234187e-02     9.702693531621295886e-01
1.345922702017802355e+30     2.512407907631741464e+07     1.505645910035667209e-02     2.019281362228975488e-03     2.181204609753400504e-03     1.290462339891144634e-08     2.850793437235360018e-04     1.173135567995763073e-02     9.687266069993563100e-01
1.699561639800663477e+30     2.685677418502896279e+07     1.508252817751953856e-02     2.153789916544029178e-03     2.222656954232812929e-03     1.299319921639294122e-08     2.600034986558975229e-04     1.179899433373297890e-02     9.684820141261155646e-01
2.062317245064561639e+30     2.858946929374050722e+07     1.522080280538260985e-02     1.198536034319950139e-03     1.211590314589272403e-03     1.307666859872375343e-08     1.160540043494110059e-04     1.179391507070068866e-02     9.704590886939894467e-01
2.450721156973201609e+30     3.032216440245205536e+07     1.519064401822592218e-02     1.891864766684887497e-03     1.888077781388806465e-03     1.312616141359649152e-08     1.719816995280429458e-04     1.181122458832570103e-02     9.690461940196852808e-01
2.931847989211160112e+30     3.205485951116360351e+07     1.505948218359352136e-02     1.735468991635459720e-03     1.821677091364082377e-03     1.294198107901462302e-08     2.186186987270584306e-04     1.171911595627684460e-02     9.694456241364218796e-01
3.465076000856506242e+30     3.378755461987514794e+07     1.538254612790570380e-02     9.816103868006496175e-04     1.120766219855745191e-03     1.370249839741773330e-08     1.665395279749279367e-04     1.182472936302472223e-02     9.705237946719398323e-01
4.010323513513566150e+30     3.552024972858668864e+07     1.524136092004170669e-02     1.447460314130530855e-03     1.720871898970499072e-03     1.329054944346515985e-08     3.391512489373007242e-04     1.178419144034121603e-02     9.694669508870293884e-01
4.667919821986920569e+30     3.725294483729823679e+07     1.512318108722300949e-02     1.347750895811553615e-03     1.611887663806314385e-03     1.306820083852317865e-08     3.968485560894104603e-04     1.176855174923446823e-02     9.697517669796342776e-01
5.347494568329093935e+30     3.898563994600977749e+07     1.526103517316297273e-02     6.471554472489977720e-04     7.809795703241042457e-04     1.312612894218988320e-08     1.706072117868185527e-04     1.181158694072610184e-02     9.713286225306219102e-01
6.124226035014112209e+30     4.071833505472132564e+07     1.519437834512393261e-02     1.224382624922398539e-03     1.417226974021730188e-03     1.312697361622604161e-08     2.226052123628361520e-04     1.177555963491289104e-02     9.701658340816823323e-01
6.956624109086764390e+30     4.245103016343287379e+07     1.509118716914449945e-02     1.202069126588776408e-03     1.379706415874884518e-03     1.295329722756144032e-08     1.968713848023468532e-04     1.174078751851934284e-02     9.703893654317731210e-01
7.855101822619371718e+30     4.418372527214441448e+07     1.506000217836958241e-02     6.416292827096030209e-04     7.544464190343970044e-04     1.279104639840829945e-08     1.353861372504877570e-04     1.174674775418787717e-02     9.716617754374015092e-01
8.806987590988855998e+30     4.591642038085596263e+07     1.510514940747487503e-02     1.186294376129195345e-03     1.365155177969616966e-03     1.290827485992930860e-08     2.315403855054896411e-04     1.173539908540595193e-02     9.703764486592401095e-01
9.906332876759874744e+30     4.764911548956751078e+07     1.506175763780297737e-02     1.275066953548658049e-03     1.451657965104431128e-03     1.286941650199596668e-08     2.332367181902025139e-04     1.172032592767351458e-02     9.702579419282635342e-01
1.095153721318581426e+31     4.938181059827905148e+07     1.504020002410266788e-02     5.513934139004485939e-04     6.185804115688997053e-04     1.270543527866714277e-08     9.585827307278667569e-05     1.172384589552618282e-02     9.719701092763940453e-01
1.215856845956342859e+31     5.111450570699059963e+07     1.507220701688732727e-02     9.943665397452933815e-04     1.101075263474865810e-03     1.276502281061235947e-08     1.509371606082748299e-04     1.170956447156408509e-02     9.709718367826973839e-01
1.347070047422581284e+31     5.284720081570214778e+07     1.502170445419295439e-02     9.221339996671154733e-04     1.105965788098270440e-03     1.274479364620220258e-08     1.972270304630738909e-04     1.167814068913913123e-02     9.710748152936456989e-01
1.482358122892607544e+31     5.457989592441368848e+07     1.495861217609950784e-02     3.926228098711085669e-04     5.397196404570292353e-04     1.252053954913107626e-08     1.584949286178173166e-04     1.165234997115455889e-02     9.722981879532606175e-01
1.624287148101990511e+31     5.631259103312523663e+07     1.468562158219732447e-02     7.308153553334509247e-04     1.084335833325281466e-03     1.215987463720852196e-08     4.128862645787019416e-04     1.150520408679040277e-02     9.715811247179004795e-01
1.782127246674181742e+31     5.804528614183678478e+07     1.427813359989039098e-02     9.602847924738850674e-04     1.338024787435829156e-03     1.149286786485296672e-08     4.392872686701772625e-04     1.131554652951720884e-02     9.716687115291446908e-01
1.950056184937975914e+31     5.977798125054832548e+07     1.404086157631595499e-02     5.499612005776181693e-04     8.035866817981851973e-04     1.109081798557852100e-08     3.118049084662934014e-04     1.108115718850389252e-02     9.732126173535200486e-01
2.120566396605599532e+31     6.151067635925988108e+07     1.380773005093611887e-02     8.414953480930419593e-04     1.262859361402245226e-03     1.066208128321453426e-08     6.249251941993322042e-04     1.101520441933863739e-02     9.724477749639492963e-01
2.302379631074423039e+31     6.324337146797142923e+07     1.372183119271778995e-02     4.736891081775844686e-04     6.948052947484436963e-04     1.049431221590125005e-08     3.350891963889223802e-04     1.086399552385152942e-02     9.739105791898031717e-01
2.503373725161784289e+31     6.497606657668296993e+07     1.362385558215616251e-02     4.294369353247844742e-04     5.611400613223624552e-04     1.039368291978910845e-08     1.991522778913232001e-04     1.068454121744609811e-02     9.745018635321761602e-01
2.701946664919508885e+31     6.670876168539451808e+07     1.328945430028504252e-02     4.231287297149071433e-04     6.106278051140819367e-04     1.003459736012593152e-08     2.520146629316160724e-04     1.046693500753072444e-02     9.749578294598263417e-01
2.910310597455341365e+31     6.844145679410606623e+07     1.316117471350508085e-02     1.911506867134008089e-04     4.312774784492044472e-04     9.948939068398104740e-09     2.634036352482979192e-04     1.047782809065699212e-02     9.754751554464878849e-01
3.142878928024207668e+31     7.017415190281760693e+07     1.297528802472435079e-02     1.424275038419800835e-04     2.922801758104177244e-04     9.760057712243970019e-09     1.616674368122049193e-04     1.036650432175870509e-02     9.760618227769947142e-01
3.378793476644802188e+31     7.190684701152914762e+07     1.256617445107100460e-02     8.835174876686190332e-05     3.076595838956884218e-04     9.365760935414188623e-09     2.312795682693506900e-04     1.024791007844126113e-02     9.765586152037950551e-01
3.620698448875587977e+31     7.363954212024070323e+07     1.210214746300427788e-02     3.575955528504770755e-05     1.691218319760790358e-04     9.090470513892799580e-09     1.464148093610477574e-04     1.015826066779720177e-02     9.773882865821057475e-01
3.890184077484772087e+31     7.537223722895224392e+07     1.179052100070127583e-02     1.119601633354808272e-05     9.070925391152235683e-05     8.781144194201102252e-09     8.483861726853639111e-05     9.891045510066184820e-03     9.781316808205747781e-01
4.159762611207462400e+31     7.710493233766378462e+07     1.184954122657187053e-02     1.427661386500445246e-05     1.377103228360561274e-04     9.171916828720944316e-09     1.317863587717431643e-04     9.855957849920238614e-03     9.780107184561180889e-01
4.458572869207204453e+31     7.883762744637534022e+07     1.192200673660975645e-02     2.313542621868323250e-05     1.690518336582281752e-04     9.608510810922345708e-09     1.489420444876918216e-04     9.823986849869280683e-03     9.779128675006456550e-01
4.749167753157053711e+31     8.057032255508688092e+07     1.237026979484341996e-02     2.128691107478239883e-05     1.043519172035820372e-04     1.018906924265778691e-08     8.625274289508065735e-05     9.853472398005410152e-03     9.775643560469089444e-01
5.053649788171159187e+31     8.230301766379842162e+07     1.213615192590237514e-02     4.378019763742823056e-05     1.911158324535700275e-04     9.202541816161819701e-09     1.554956018158825434e-04     9.697887292362740441e-03     9.777755599472861547e-01
5.382182827831754824e+31     8.403571277250997722e+07     1.219610114054723790e-02     4.783210427224672637e-05     1.522422249142438018e-04     8.427837795391775822e-09     1.198567314280775143e-04     9.631716984267993734e-03     9.778522423867322955e-01
5.720804115497936107e+31     8.576840788122151792e+07     1.198677999946582036e-02     2.590007741677717457e-05     7.871510544716547929e-05     8.137920309702243820e-09     6.201865734544794600e-05     9.497739649244859098e-03     9.783488383731598903e-01
6.054867773667172489e+31     8.750110298993305862e+07     1.195494385282609706e-02     5.067334742325849795e-05     1.369979763948227442e-04     8.283539172375023248e-09     1.011101224831474030e-04     9.476248551347639035e-03     9.782800178659857293e-01
6.427944737399651789e+31     8.923379809864461422e+07     1.225970102807663088e-02     7.042266172583142210e-05     1.862727431190666020e-04     8.980089559045724182e-09     1.273435669130207901e-04     9.600167516011561333e-03     9.777560835040641773e-01
6.805693473389452256e+31     9.096649320735615492e+07     1.259958605233087690e-02     4.360565551352354156e-05     1.038106725646932257e-04     1.004773153262597749e-08     7.071196066645513893e-05     9.764800971201685609e-03     9.774174746399910685e-01
7.189803710612095166e+31     9.269918831606769562e+07     1.192616189921306968e-02     9.013735580220957530e-05     1.999133681849203995e-04     9.430797201197673237e-09     1.317814308715552359e-04     9.658909726839769172e-03     9.779930867882914436e-01
7.610347938059975967e+31     9.443188342477925122e+07     1.145540071272100821e-02     9.776605248911315231e-05     2.032095328453444928e-04     8.705214222285588697e-09     1.303936725326362942e-04     9.536747015138770378e-03     9.785764743090588080e-01
8.048657691548922519e+31     9.616457853349079192e+07     1.114227154461557706e-02     6.018444768677474853e-05     1.172663182392690690e-04     8.370967598940506285e-09     7.245235787552164694e-05     9.430085474595398948e-03     9.791777314860200532e-01
8.468343862002461451e+31     9.789727364220233262e+07     1.043028641531662352e-02     1.085682616141981949e-04     2.052916552616653725e-04     7.892434642385968770e-09     1.200425363485621349e-04     9.272033371997607035e-03     9.798637698670267238e-01
8.960540689107731369e+31     9.962996875091388822e+07     1.055090747705241146e-02     1.120474100816040160e-04     2.236406711703675405e-04     8.061221471818531903e-09     1.317071302099054168e-04     9.315995083427570933e-03     9.796656941668369090e-01
9.437133809612085721e+31     1.013626638596254289e+08     1.038097419717277925e-02     5.260054209600206423e-05     1.134620559145677949e-04     8.212334021804305528e-09     6.955475590987429159e-05     9.420236025017018205e-03     9.799631642115558261e-01
9.931207210009095306e+31     1.030953589683369696e+08     9.983430414822733190e-03     9.030238023859396502e-05     1.995806648790649006e-04     8.014245120251126952e-09     1.200068001810315857e-04     9.420512747202274689e-03     9.801861589784311990e-01
1.046204162155423130e+32     1.048280540770485252e+08     1.014704250821200221e-02     9.330729555882245842e-05     1.991474217452489902e-04     8.266396045562689584e-09     1.166736181202384916e-04     9.512253390037476303e-03     9.799315674999299342e-01
1.098823127260304534e+32     1.065607491857600659e+08     9.741253288917596509e-03     4.579573527057792759e-05     9.394004341018806741e-05     8.097238737054807527e-09     5.628585740280528306e-05     9.499262302293339302e-03     9.805634546754670167e-01
1.154882654191000596e+32     1.082934442944716066e+08     9.937598924719888080e-03     8.693614282549487558e-05     1.797864073755332120e-04     8.073029784721891498e-09     1.047766454755940367e-04     9.481835151238996243e-03     9.802090586553345863e-01
1.214287247953770039e+32     1.100261394031831622e+08     9.924959012029992145e-03     9.008371379679803374e-05     1.977838471440685852e-04     8.219463801661064323e-09     1.182912628586716200e-04     9.457471792840630234e-03     9.802114021518659737e-01
1.272648534460110643e+32     1.117588345118947029e+08     9.322867152317951961e-03     3.871217512942193507e-05     1.008824666099978739e-04     8.052493967893499244e-09     6.761808398868655889e-05     9.514648674806896675e-03     9.809552633946529987e-01
1.340616602361342637e+32     1.134915296206062436e+08     9.725616127232229388e-03     6.452487358107605604e-05     1.695986001070566020e-04     8.443743654390419472e-09     1.119765461172866466e-04     9.719893954944323552e-03     9.802083814542743578e-01
1.416440463721460869e+32     1.152242247293177992e+08     9.828354385744281219e-03     6.642536200883342071e-05     1.393703079523498072e-04     8.339028163678094133e-09     8.207080082382974039e-05     9.755268053073145804e-03     9.801285027513692016e-01
1.495684005518044419e+32     1.169569198380293399e+08     9.356133040292204453e-03     3.799517469846280647e-05     8.932273858753452585e-05     8.364375874348191549e-09     5.981677767068177527e-05     9.737612266933251201e-03     9.807191116374420758e-01
1.582380266854775502e+32     1.186896149467408806e+08     9.927530642487150669e-03     8.190999223648309964e-05     1.547449275764321754e-04     8.611347612719900495e-09     8.473547167143934058e-05     9.654039593448921625e-03     9.800970307612318910e-01
1.670949989517799701e+32     1.204223100554524511e+08     1.036038389219085497e-02     6.588147856961235299e-05     1.291691502349567140e-04     8.413324062775810047e-09     7.236977809049510886e-05     9.613612102150835212e-03     9.797585751854389624e-01
1.756899199472725198e+32     1.221550051641639918e+08     1.046486921622733976e-02     2.922275382233270645e-05     6.550166888346053680e-05     8.033102081062185584e-09     4.330552111558921082e-05     9.390811433618407450e-03     9.800062813732305367e-01
1.847450128656765516e+32     1.238877002728755325e+08     1.111795544027994846e-02     2.999981357509246986e-05     7.046768314333851666e-05     8.312546669946408267e-09     5.430090181142329238e-05     9.505798822819931312e-03     9.792214690258234100e-01
1.936583383042573824e+32     1.256203953815870881e+08     1.131817516978829256e-02     2.503494797744024080e-05     3.587375271035761232e-05     8.132425317957541395e-09     2.837254603681614373e-05     9.544084977435219122e-03     9.790484504736264304e-01
2.028511888086371127e+32     1.273530904902986288e+08     1.138998734490516071e-02     1.566615237010921457e-05     2.371547579478898351e-05     8.116354117561193361e-09     2.099432094246672092e-05     9.439726653529096137e-03     9.791099019361042544e-01
2.120709420848823106e+32     1.290857855990101695e+08     1.170982595239624356e-02     3.443910644930835927e-05     4.907072185660852097e-05     8.456890863190256795e-09     4.156070600281011628e-05     9.676203791322949416e-03     9.784888912650812065e-01
2.213608385815648730e+32     1.308184807077217251e+08     1.150701408914221388e-02     3.390003128442663211e-05     6.735254006578267805e-05     8.292818248449821522e-09     5.846961156327704897e-05     9.685326751499212863e-03     9.786479286836269331e-01
2.312021762783817095e+32     1.325511758164332658e+08     1.162073256144889773e-02     1.515801107619552095e-05     4.914106896145747813e-05     8.449893159270043798e-09     4.455324601606688493e-05     9.626648640945591542e-03     9.786437580216587051e-01
2.412065865960901967e+32     1.342838709251447916e+08     1.212468727812254614e-02     2.779699373916376138e-05     1.209113070925184693e-04     8.769516371516738522e-09     1.124252947660893669e-04     9.915577530999733838e-03     9.776985928257636571e-01
2.510973763727967444e+32     1.360165660338563621e+08     1.191013181788481631e-02     4.527950404134227210e-05     1.217182887915291316e-04     8.705980730670130761e-09     1.049578842250469332e-04     9.921555193490656094e-03     9.778963486055858301e-01
2.612818791631900118e+32     1.377492611425679028e+08     1.199719845432455079e-02     3.407700819317756053e-05     7.289582697871209839e-05     9.179919062811303828e-09     5.518729362135579088e-05     9.937468866951215327e-03     9.779031633700121517e-01
2.715790789439719299e+32     1.394819562512794435e+08     1.195506838082398618e-02     7.239549503620053609e-05     1.501315317943550693e-04     9.821236517039071944e-09     1.117528759964978572e-04     1.065425917006697712e-02     9.770563827250455802e-01
2.821014702490168325e+32     1.412146513599909842e+08     1.166567864508721505e-02     8.686236889475025980e-05     1.765782962833982765e-04     9.858982795659406411e-09     1.253567011010020126e-04     1.180249936962324622e-02     9.761430147600276275e-01
2.927817045163486742e+32     1.429473464687025249e+08     1.250239441587278934e-02     1.405550719362888741e-04     3.210283477503936430e-04     1.044642815147095844e-08     1.597438669043983153e-04     1.303000541982408944e-02     9.738462624312839155e-01
3.030425473842043916e+32     1.446800415774140656e+08     1.561267656023889588e-02     8.358226015181396138e-04     1.987102094619469950e-03     1.417335621945955789e-08     8.057371981522947575e-04     1.709532656738357859e-02     9.636633208047312715e-01
3.133957025958330214e+32     1.464127366861256361e+08     1.609343028301650144e-02     9.632853450419219532e-03     1.822691932067723938e-02     1.564158060224861508e-08     5.255214046342679933e-03     2.337660672348818025e-02     9.274149605344755853e-01
3.237451797488463034e+32     1.481454317948371768e+08     1.492112727852849992e-02     3.702303309287122146e-02     5.569802494235016194e-02     1.492073220652014107e-08     1.160940886464272709e-02     2.432300818618202826e-02     8.564253827146929288e-01
3.340900549420235921e+32     1.498781269035487175e+08     1.389052560656236536e-02     9.166297980733921491e-02     1.095545331816676349e-01     1.435320363123962224e-08     1.381700872851519303e-02     2.439775736650265717e-02     7.466771809562091633e-01
3.456341714190789626e+32     1.516108220122602880e+08     1.326162010954179751e-02     1.390229690022028175e-01     1.483301868006743074e-01     1.380211530754126880e-08     1.109691130408685736e-02     3.698705139894789551e-02     6.513012475824310199e-01
3.570482271941401258e+32     1.533435171209717989e+08     1.344196334793819857e-02     1.723646358476149387e-01     1.760432287005505303e-01     1.388964660543098879e-08     7.678528195880792925e-03     2.958211936354062169e-02     6.008895106548283183e-01
3.689094096170872689e+32     1.550762122296833694e+08     1.353021484357228368e-02     1.841587678601432909e-01     1.818312341846632652e-01     1.397847123834991877e-08     6.059745487840239621e-03     4.569023521595503429e-02     5.687297884293547323e-01
3.806008167712956655e+32     1.568089073383949101e+08     1.376945491342187675e-02     1.867837917393068148e-01     1.895774701282442742e-01     1.419940771199211170e-08     4.079556296805734311e-03     3.291023865494731998e-02     5.728794740678661013e-01
3.928626171224979436e+32     1.585416024471064508e+08     1.396955260701570126e-02     1.867916849882661767e-01     1.939037854241305869e-01     1.445143355710835333e-08     5.829988867537070317e-03     2.672181812328332934e-02     5.727831555383334772e-01
4.049011060642629091e+32     1.602742975558179915e+08     1.446391516896373443e-02     1.844795995467784222e-01     1.923300994341491377e-01     1.512348380098771439e-08     6.916014156085150723e-03     2.481805043509985320e-02     5.769923061354399474e-01
4.173550354447219696e+32     1.620069926645295322e+08     1.506066280503166183e-02     1.839062184300609970e-01     1.959064445195822513e-01     1.644165753525271810e-08     1.583180160777140216e-02     2.215920442052955047e-02     5.671356517753666227e-01
4.298132314001645918e+32     1.637396877732410729e+08     1.551235526376549753e-02     1.630831766932389904e-01     1.866850933358682185e-01     1.733607307314743992e-08     2.939342122813233191e-02     2.135561846823143956e-02     5.839703176746904312e-01
4.422520681512537855e+32     1.654723828819526434e+08     1.593351618199326247e-02     1.271088921279983353e-01     1.717349242719617697e-01     1.739865439348117307e-08     4.098278014755515203e-02     2.280041602148910954e-02     6.214394538503480447e-01
4.546498522082289218e+32     1.672050779906641841e+08     1.627498081393741192e-02     8.930456054893544382e-02     1.348508892594736941e-01     1.695821230647352397e-08     3.617251513616677461e-02     2.387845141401568824e-02     6.995185858692584135e-01
4.664883014276040697e+32     1.689377730993757248e+08     1.649525171586411695e-02     8.031087406260906114e-02     1.110171762697874515e-01     1.644512116454300390e-08     2.510828036585124531e-02     2.319278189269027152e-02     7.438756192480766583e-01
4.785686649100012801e+32     1.706704682080872655e+08     1.687068991031618476e-02     7.547790496424848505e-02     9.434195708809278713e-02     1.627139149570345645e-08     1.728145904816757658e-02     2.567048918099240282e-02     7.703574835367910101e-01
4.913106387390185675e+32     1.724031633167988062e+08     1.733015680634876141e-02     8.007739586557589828e-02     9.338420928856903946e-02     1.652033673750600827e-08     1.300535166704356801e-02     2.516622532023758685e-02     7.710366445318884709e-01
5.036278347239288430e+32     1.741358584255103469e+08     1.869546420085413038e-02     7.657437391158734841e-02     8.392643151073581054e-02     1.767110465699530529e-08     7.662327687974562762e-03     2.108236521653781767e-02     7.920590198012057437e-01
5.159375083070569542e+32     1.758685535342219174e+08     1.858879930717505929e-02     8.196088946119972629e-02     8.905037594986589533e-02     1.715516151009928033e-08     6.679732569079936677e-03     2.429558906350030856e-02     7.794245964940174076e-01
5.288759991054084554e+32     1.776012486429334581e+08     1.856583130178702384e-02     8.119467261683824266e-02     8.777120803764451584e-02     1.662011157568548756e-08     5.821763773254715231e-03     2.282130213381677528e-02     7.838252055165469967e-01
5.416071321412528362e+32     1.793339437516449988e+08     1.966488749710836384e-02     7.462527902225708776e-02     7.959922407871153349e-02     1.783426149152795502e-08     4.371862606503971842e-03     1.849279849251115465e-02     8.032459304686463408e-01
5.546143695734853355e+32     1.810666388603565395e+08     1.983864688264127402e-02     7.128761600207512983e-02     7.695703485977892222e-02     1.794516344541634362e-08     7.292191198357615006e-03     2.399049528134257828e-02     8.006339978306410421e-01
5.676641229677345448e+32     1.827993339690680802e+08     1.965844913173215441e-02     6.441548341079011974e-02     7.213981904246956345e-02     1.778555154083993067e-08     1.099356779708602488e-02     2.521447190080736145e-02     8.075781909315632445e-01
5.808334908301296266e+32     1.845320290777796209e+08     2.112593155975327208e-02     4.779190008980625792e-02     5.869166538154847734e-02     1.932907520056437347e-08     1.227807076511198449e-02     2.262810162925460791e-02     8.374843112454501970e-01
5.940129975613831708e+32     1.862647241864911914e+08     2.197067085628759062e-02     4.086634585401154734e-02     5.371408279192730478e-02     2.051972173757243277e-08     1.289259058948695816e-02     2.720735057885843855e-02     8.433489388097064055e-01
6.069953416054367219e+32     1.879974192952027321e+08     2.248685689265948057e-02     2.895146929072977757e-02     4.043688715753854940e-02     2.094037285852816079e-08     1.133833434565914219e-02     2.904967705097201772e-02     8.677367543220682045e-01
6.203649326686084695e+32     1.897301144039142728e+08     2.368425307950961650e-02     2.043278918347963061e-02     3.108575577904657342e-02     2.222070598195551469e-08     9.902590859587891495e-03     2.431348657103619276e-02     8.905811023066340093e-01
6.336289485311141580e+32     1.914628095126258135e+08     2.446545678657724432e-02     1.621059591348331455e-02     2.636260366018858617e-02     2.337329707481540826e-08     9.651697150399712530e-03     3.229354491656162562e-02     8.910160781994924672e-01
6.471873836883782859e+32     1.931955046213373542e+08     2.553272410894096706e-02     1.236732549763972996e-02     2.086183160510945642e-02     2.523155799313459806e-08     8.044784003992715149e-03     3.715633743849735410e-02     8.960369721142615873e-01
6.603045333101303638e+32     1.949281997300488949e+08     2.624663541888899720e-02     7.863194303432276266e-03     1.522346446680462352e-02     2.666718185097312743e-08     6.351533948948886836e-03     2.930029165929922200e-02     9.150148535354440948e-01
6.741670003184120693e+32     1.966608948387604654e+08     2.644266373759839722e-02     7.099701337243418883e-03     1.443799338242449798e-02     2.801019540390622819e-08     6.994837824474671971e-03     4.208141362727793600e-02     9.029433620807856276e-01
6.879036602983716608e+32     1.983935899474720061e+08     2.741604935902742721e-02     6.429129544683986723e-03     1.264559899429887509e-02     2.971602521935477328e-08     6.133560485543127112e-03     4.271791142780057698e-02     9.046577204726208299e-01
7.016995880287367497e+32     2.001262850561835468e+08     2.748033839855444638e-02     5.294566181797889792e-03     9.890387361671769406e-03     2.970320263915424332e-08     4.448290835369300353e-03     3.184039423025126353e-02     9.210459932891527091e-01
7.158448175830007740e+32     2.018589801648950875e+08     2.585618182059250605e-02     5.606429534712223731e-03     1.131735088402017510e-02     2.697545833478473199e-08     5.788471192960429647e-03     3.900085458106886810e-02     9.124306850111874034e-01
7.304160651719501897e+32     2.035916752736066282e+08     2.458121876181101895e-02     5.207313823215259721e-03     1.042148616045367703e-02     2.482515815290500428e-08     5.307158761182492225e-03     3.783295558321773944e-02     9.166498420849615858e-01
7.449084215413905776e+32     2.053243703823181689e+08     2.447771288480852028e-02     4.871041840094430218e-03     8.155717968220781156e-03     2.492895178828971551e-08     3.329927656645915914e-03     3.141856302423545050e-02     9.277470116970432112e-01
7.596739025065912264e+32     2.070570654910297394e+08     2.378013577129129211e-02     4.879291918165894887e-03     9.564997200280773298e-03     2.443768070517420265e-08     5.065628200937479300e-03     4.150315176295581165e-02     9.152067707086881665e-01
7.748989028256291708e+32     2.087897605997412801e+08     2.443471214317303325e-02     4.220087890815695485e-03     9.087721364161475274e-03     2.576247075571628755e-08     5.446646623155902180e-03     4.689313877371628636e-02     9.099176674425069056e-01
7.900617489998370366e+32     2.105224557084528208e+08     2.575863404159829673e-02     5.821280023129363733e-03     9.057622113115421092e-03     2.766278160468570766e-08     4.582949159883220602e-03     4.578839940615293813e-02     9.089910875933391310e-01
8.050362965189265017e+32     2.122551508171643615e+08     2.586900128173591148e-02     1.298826285992733809e-02     1.781996721670411898e-02     2.844046198212072293e-08     8.779718502221953852e-03     6.307023834164975085e-02     8.714727833572989413e-01
8.203278053780363928e+32     2.139878459258759022e+08     2.638241689372154003e-02     1.358134570271686548e-02     2.056525002113968395e-02     2.952636283854127527e-08     1.011346013843829328e-02     7.079647129710116282e-02     8.585610264205197906e-01
8.358115938265199908e+32     2.157205410345874429e+08     2.759538406326418961e-02     1.060995192551993788e-02     1.903529359132344334e-02     3.141907183467835408e-08     1.048140770238506839e-02     7.061056589907771519e-02     8.616673653993577320e-01
8.511288961800509767e+32     2.174532361432990134e+08     2.766785080726862078e-02     1.044800208955668636e-02     2.216233430115716399e-02     3.247444731085012359e-08     1.417108440855291938e-02     8.663891505787683911e-02     8.389117808611405991e-01
8.663461283211424839e+32     2.191859312520105541e+08     2.882906052416503093e-02     8.028109202585193699e-03     2.195713487938596303e-02     3.480984079918420228e-08     1.493472923278035651e-02     8.594131277096447863e-02     8.403096185802781948e-01
8.819132010201518882e+32     2.209186263607220948e+08     2.902817004772802884e-02     6.914789955647896065e-03     2.115593722740244029e-02     3.529307160117969863e-08     1.462123976462454712e-02     7.801156537498055155e-02     8.502682623365449555e-01
8.974289803629156256e+32     2.226513214694336355e+08     2.954874458980103272e-02     5.696683798800622131e-03     2.446022235141763479e-02     3.679673676425075346e-08     1.824636489657941243e-02     9.057645301173308794e-02     8.314714945549315228e-01
9.130373990957134197e+32     2.243840165781451762e+08     2.974129023794633286e-02     3.869317902391394403e-03     2.267550265886110125e-02     3.729672503900866780e-08     1.793740077042696446e-02     9.296268995285297820e-02     8.328137611807961971e-01
9.285459065523028222e+32     2.261167116868567169e+08     2.986348319397812839e-02     3.081644967393331810e-03     1.922944915148176726e-02     3.734498010579556139e-08     1.546745540061546763e-02     9.210641699282834383e-02     8.402515129487226897e-01
9.442879007698909357e+32     2.278494067955682576e+08     2.956461236532843123e-02     2.537241927435856387e-03     1.982085831210868287e-02     3.717681790514127409e-08     1.698474115958781283e-02     1.047155373973240322e-01     8.263769716613968974e-01
9.605318785936930937e+32     2.295821019042798281e+08     2.953652386119082207e-02     2.115715850577951172e-03     1.708676803147136936e-02     3.687689303882677492e-08     1.525497595681670968e-02     1.072271105706620598e-01     8.287788688523880509e-01
9.763205203723564295e+32     2.313147970129913688e+08     2.947498448617772923e-02     1.540934925023089040e-03     1.460940909191893802e-02     3.662101139740307754e-08     1.356657756579130944e-02     9.588330722966777186e-02     8.449247500804094591e-01
9.920943205085592846e+32     2.330474921217029095e+08     2.927352565732762452e-02     1.724025906851410061e-03     1.603691041293936123e-02     3.751702372320730018e-08     1.520209233581396036e-02     1.039559875257849153e-01     8.338074206442591674e-01
1.008519388606677849e+33     2.347801872304144502e+08     2.857474693906000146e-02     1.734775235901891153e-03     1.580074197935932637e-02     3.657986437486205111e-08     1.482647040061507542e-02     1.006324259181056446e-01     8.384308029470934898e-01
1.024710452117116424e+33     2.365128823391259909e+08     2.740067413638780022e-02     1.571454366633916059e-03     1.518072544290764714e-02     3.419216158606465823e-08     1.384272995635544082e-02     8.981043552892209458e-02     8.521939463766314837e-01
1.040845823249344490e+33     2.382455774478375316e+08     2.693204053832401815e-02     1.544819779594354360e-03     1.527857679079296267e-02     3.360688011144544098e-08     1.388642593844262654e-02     9.411583053949899857e-02     8.482422728064670236e-01
1.057687588832641761e+33     2.399782725565491319e+08     2.687355144942665461e-02     1.493171168988378147e-03     1.428231357202330160e-02     3.388343724433767506e-08     1.286982672719885583e-02     9.588995095677736724e-02     8.485911522421480946e-01
1.074474900429818819e+33     2.417109676652606726e+08     2.684314460333274074e-02     1.264010244197594311e-03     1.149604179506559000e-02     3.344082787236032020e-08     1.040056164615906983e-02     8.879041363238784901e-02     8.612057946380295981e-01
1.090910556533789963e+33     2.434436627739722133e+08     2.629865858429889305e-02     1.004233536619175953e-03     9.362326159086557104e-03     3.242993786522198353e-08     8.947535873572311227e-03     9.379268763902022521e-02     8.605945257774648693e-01
1.108012718744571561e+33     2.451763578826837540e+08     2.523537917061027466e-02     9.744357447424110280e-04     8.578596996273326822e-03     3.053903122672646670e-08     8.426823700193422292e-03     9.492836921084998880e-02     8.618563646382991772e-01
1.124823143177790065e+33     2.469090529913952947e+08     2.431832981102056632e-02     8.096175371865887201e-04     6.800075910184086997e-03     2.885842568485929048e-08     6.735419691070464177e-03     9.000677330999422299e-02     8.713297548821183902e-01
1.141951382985258234e+33     2.486417481001068354e+08     2.386245010941782929e-02     1.000351715003041167e-03     6.298204737198664048e-03     2.887442009725992874e-08     6.303604914867456076e-03     9.795156201973710675e-02     8.645837976293557769e-01
1.159209842656027556e+33     2.503744432088184059e+08     2.336803701407877756e-02     1.180335974321642268e-03     5.793024102079517498e-03     2.860031683301372428e-08     5.747354983904399452e-03     1.005329465577273068e-01     8.633782727675713975e-01
1.176304215969557740e+33     2.521071383175299466e+08     2.367078009731733712e-02     1.333658467940453465e-03     4.984013355878070747e-03     2.911713515654406852e-08     5.025053771067188209e-03     1.034309622643620891e-01     8.615555029262995657e-01
1.193756110052277821e+33     2.538398334262414873e+08     2.403015522690403472e-02     1.481708362293629108e-03     4.465821886038606227e-03     2.991091228089315931e-08     4.588436628887719235e-03     1.090940351186530932e-01     8.563398128663106679e-01
1.211349021559499955e+33     2.555725285349530280e+08     2.395638269165691753e-02     1.595475893824709404e-03     4.104404309226225220e-03     3.007186772603587909e-08     4.301921254424583181e-03     1.178696587402020129e-01     8.481721270387978517e-01
1.228366302965472685e+33     2.573052236436645687e+08     2.409295289265845491e-02     1.756168480788605551e-03     3.455635676040274412e-03     3.000390012644797325e-08     3.628796123080422261e-03     1.209920753140748262e-01     8.460743415094573727e-01
1.245764914094011003e+33     2.590379187523761094e+08     2.476056477835984759e-02     2.119708471640497586e-03     3.225625649541120302e-03     3.173652820322149134e-08     3.381928587790096301e-03     1.291329780886095735e-01     8.373791626875306537e-01
1.263203478764636179e+33     2.607706138610876799e+08     2.509266024751428265e-02     2.561691612117539870e-03     3.157711889729048794e-03     3.265476004324336114e-08     3.318209171326019259e-03     1.385591962215816098e-01     8.273104982029714227e-01
1.280271414643617940e+33     2.625033089697992206e+08     2.584012718211891463e-02     2.737850616833815802e-03     2.830862793249786999e-03     3.387110061292932431e-08     3.004532950297315527e-03     1.388400980904958004e-01     8.267464944959037609e-01
1.297420900833619785e+33     2.642360040785107613e+08     2.630500499026069625e-02     3.196377637004468083e-03     3.164922326836976454e-03     3.543768556153270192e-08     3.413202335986049041e-03     1.541794411941779519e-01     8.097410160780482702e-01
1.314694449360033959e+33     2.659686991872223020e+08     2.667111960000991683e-02     3.499026609392438120e-03     3.660479188791513142e-03     3.651399417490292338e-08     4.035676648782168807e-03     1.670352168936102277e-01     7.950984445454194471e-01
1.331419244201263684e+33     2.677013942959338427e+08     2.747261929369223393e-02     3.598108096197765934e-03     3.819053579415537022e-03     3.807645200036869237e-08     4.271545965825291127e-03     1.726380566815198803e-01     7.882005783068971594e-01
1.348512519830810155e+33     2.694340894046453834e+08     2.758953382503428683e-02     3.655633350703278630e-03     4.182926350064349041e-03     3.858620457971638781e-08     4.728411169499700806e-03     1.792002670787096463e-01     7.806431896397838521e-01
1.365231207705618886e+33     2.711667845133569241e+08     2.844989032605579199e-02     3.790702705216947733e-03     4.389182535537512059e-03     4.087973094865877515e-08     5.041756836638140379e-03     1.968016197953722235e-01     7.615268069214485847e-01
1.381938986513390092e+33     2.728994796220684648e+08     2.896182263236993237e-02     3.821058527469817397e-03     4.548705073474362988e-03     4.173919877243659291e-08     5.302767439868619724e-03     2.105230515164082938e-01     7.468425530712103910e-01
1.398569230991724576e+33     2.746321747307800055e+08     2.973987415109580201e-02     3.804397302723346985e-03     4.710685048735674396e-03     4.360064550071079195e-08     5.473678532599924283e-03     2.258379989145786193e-01     7.304333224496213361e-01
1.414907330439533011e+33     2.763648698394915462e+08     3.020754864147122409e-02     3.851328152491678789e-03     4.981398505343483801e-03     4.498179153030138948e-08     5.676928019807847559e-03     2.490512451668795701e-01     7.062315065322147811e-01
1.430979068395204310e+33     2.780975649482030869e+08     3.051525271886072060e-02     3.921422043195485312e-03     5.588705118135869378e-03     4.584040224495165274e-08     6.101876040015884704e-03     2.835753563374313613e-01     6.702973419019584433e-01
1.447128635243272697e+33     2.798302600569146276e+08     3.104883832009593808e-02     3.844933781253548431e-03     6.441516979142508821e-03     4.824386318143278747e-08     6.608482817977706127e-03     3.196512483304514984e-01     6.324049315272154415e-01
1.462961123399748594e+33     2.815629551656262279e+08     3.107317808014881458e-02     3.750020018411273550e-03     6.858554856392330527e-03     4.934404401025508328e-08     6.899901685831342189e-03     3.448836419326954394e-01     6.065346540824766430e-01
1.478718757401075712e+33     2.832956502743377686e+08     3.041189617560241878e-02     4.048130934691450585e-03     7.789254106912474329e-03     4.783307779063862220e-08     7.701311232641443183e-03     3.607726192744219462e-01     5.892767404426525468e-01
1.494529024197556585e+33     2.850283453830493093e+08     3.080765931937052421e-02     4.504168309448019526e-03     8.271119093912081624e-03     4.982941821965854284e-08     8.124056538186059245e-03     3.606308837917864274e-01     5.876620631178784970e-01
1.510514463812904103e+33     2.867610404917608500e+08     3.150764962418697163e-02     5.161897596756330475e-03     9.124118110198963308e-03     5.116300265698906204e-08     8.798929786837288505e-03     3.526571379687114538e-01     5.927502157503065083e-01
1.526493717540093880e+33     2.884937356004723907e+08     3.049170447596990380e-02     6.057588849378006332e-03     1.134217468140105017e-02     4.845850554663406418e-08     1.057102113466968675e-02     3.585163519346936112e-01     5.830211104653820753e-01
1.542195068777335198e+33     2.902264307091839314e+08     3.179206482830516933e-02     6.612802971132662223e-03     1.076043060351962455e-02     5.173860305689181505e-08     9.809375736219863237e-03     3.524380748326106372e-01     5.885871992896088978e-01
1.558074855837111980e+33     2.919591258178954720e+08     3.273885358180768368e-02     6.961013016416204603e-03     7.443220735112357662e-03     5.387406853348142589e-08     6.854476302937478893e-03     3.541553872399381686e-01     5.918469952497197317e-01
1.574302627502524300e+33     2.936918209266070127e+08     3.259530202531009391e-02     7.406657127335512444e-03     4.589215375101508669e-03     5.379919150703638610e-08     4.353603491635321156e-03     3.677085936777655939e-01     5.833465745036603423e-01
1.589766075787992792e+33     2.954245160353185534e+08     3.293614767949364086e-02     7.567704519541132956e-03     3.298115468585527052e-03     5.560726136998377635e-08     3.177669500424795505e-03     3.716656475982993424e-01     5.813546596263942101e-01
1.605924764881056502e+33     2.971572111440300941e+08     3.260169075465883803e-02     7.812931261663984273e-03     2.811427270137974079e-03     5.505061468298882128e-08     2.713753924908778644e-03     3.789333608615255700e-01     5.751267808764902734e-01
1.621852387665466441e+33     2.988899062527416348e+08     3.216655145601834964e-02     8.357824845736609026e-03     2.617210559598230190e-03     5.497322050028906766e-08     2.512232862762819614e-03     3.970008433493655842e-01     5.573452819532979108e-01
1.637427430470846525e+33     3.006226013614531755e+08     3.260828717286350098e-02     8.863847825827169888e-03     2.274654422019217834e-03     5.638556737905902666e-08     2.178500522865514221e-03     4.033496373426089798e-01     5.507250163282484401e-01
1.653305090781907680e+33     3.023552964701647758e+08     3.189476834821678569e-02     9.279641310449063957e-03     1.990726732203895559e-03     5.453995061258140866e-08     1.908512789150406275e-03     4.169654021146226297e-01     5.379608941654066001e-01
1.669120067851999972e+33     3.040879915788763165e+08     3.199923374990493175e-02     9.661580841148298057e-03     1.852710957648541013e-03     5.505877550173834632e-08     1.792904946284016752e-03     4.345240296635920485e-01     5.201694847826466850e-01
1.684465451518060074e+33     3.058206866875878572e+08     3.297831263465021701e-02     9.880498587400518562e-03     1.768861267315700436e-03     5.706089246490884546e-08     1.743569350174898128e-03     4.411729952542214339e-01     5.124557058453449443e-01
1.700352658437711786e+33     3.075533817962994576e+08     3.248273192486993838e-02     1.012340203310329277e-02     1.877804074775619569e-03     5.638309571123604600e-08     1.917270459887116018e-03     4.562431029251421410e-01     4.973556321991262075e-01
1.715796164079279053e+33     3.092860769050109982e+08     3.236382984552724912e-02     1.047387381194191461e-02     2.095407811919115359e-03     5.614953083899631744e-08     2.149550731809826351e-03     4.761436670579553554e-01     4.767736145913160084e-01
1.731108729475961413e+33     3.110187720137225389e+08     3.359445993971215544e-02     1.044636529602564409e-02     2.201072929631515528e-03     5.901283591178033511e-08     2.207790479357202643e-03     4.758103918283516642e-01     4.757398605140857883e-01
1.746850917008583821e+33     3.127514671224340796e+08     3.292435757937673541e-02     1.060484257478304382e-02     2.188865360675413922e-03     5.823809438557433284e-08     2.150606860491296492e-03     4.876159425123223756e-01     4.645153268742566177e-01
1.762089031393634039e+33     3.144841622311456203e+08     3.222771519185936573e-02     1.100361833875210076e-02     2.091878717457130304e-03     5.727595570674384829e-08     2.049509210679777149e-03     5.089197645649325974e-01     4.437074567003633230e-01
1.777002621478164543e+33     3.162168573398571610e+08     3.215115616682351352e-02     1.102361121072261037e-02     1.799595235454379705e-03     5.647914287390947933e-08     1.754724447541985716e-03     5.095505646109803610e-01     4.437202918493343695e-01
1.792773636051233753e+33     3.179495524485687017e+08     3.059832589206505291e-02     1.118355855774631757e-02     1.693448440859862680e-03     5.280212797432203047e-08     1.642562596766062536e-03     5.231738129960785688e-01     4.317082387143559852e-01
1.807788269005079091e+33     3.196822475572802424e+08     3.013009310991177775e-02     1.143419367263454924e-02     1.720228805370817423e-03     5.167002796957960028e-08     1.657023493419817681e-03     5.412011980983708614e-01     4.138572111502644146e-01
1.822763060209998952e+33     3.214149426659917831e+08     2.989321746893589676e-02     1.178436955517319501e-02     1.714468820444385415e-03     5.147035389183609360e-08     1.657766523151529446e-03     5.514360105435266446e-01     4.035141156184142153e-01
1.837963611937191087e+33     3.231476377747033238e+08     2.943440213490373589e-02     1.175463985070710621e-02     1.735734281693028557e-03     5.134377492210219558e-08     1.691741290541897260e-03     5.669773685346768399e-01     3.884060625637025810e-01
1.852899984498344700e+33     3.248803328834148645e+08     2.957388059554949197e-02     1.252667558261265010e-02     1.780639188193164054e-03     5.247679057758013978e-08     1.727231220312717367e-03     5.863436683980709496e-01     3.680478525384703326e-01
1.867693557193465479e+33     3.266130279921264052e+08     2.922701179366046439e-02     1.302713537742831301e-02     1.675358464178198972e-03     5.253345519751653661e-08     1.624587294680943312e-03     5.945699010426134246e-01     3.598759534939835469e-01
1.882381457478353971e+33     3.283457231008380055e+08     2.850308876861408144e-02     1.347634321405752518e-02     1.626931942481011067e-03     5.157987394960414907e-08     1.576038304211859571e-03     6.097301700970796379e-01     3.450873760936818413e-01
1.896741919639622988e+33     3.300784182095495462e+08     2.840167897266569416e-02     1.418675169927556025e-02     1.669486637568561504e-03     5.191117083083034718e-08     1.616015375815748256e-03     6.253829198711885473e-01     3.287430955323148996e-01
1.911223513646090373e+33     3.318111133182610869e+08     2.808864980984204437e-02     1.453652534066167228e-02     1.564936416568959510e-03     5.254755067673457497e-08     1.517522685159947322e-03     6.313374780543250520e-01     3.229548351458918498e-01
1.925347562553897152e+33     3.335438084269726276e+08     2.750237728285647928e-02     1.474541154208256107e-02     1.524651492351454442e-03     5.251068959700872944e-08     1.466889709730906290e-03     6.427278862219558686e-01     3.120327312403332609e-01
1.939336364334804417e+33     3.352765035356841683e+08     2.705823156119020398e-02     1.553046962907707676e-02     1.520239547520054954e-03     5.225318625148868564e-08     1.439356327474012459e-03     6.572387455643785570e-01     2.972129051171737424e-01
1.953360390379568255e+33     3.370091986443957090e+08     2.672272458628249803e-02     1.587803268301245588e-02     1.395977971349616261e-03     5.337357040460494166e-08     1.312899685962801502e-03     6.624732943088955661e-01     2.922170173909265367e-01
1.967125431685833630e+33     3.387418937531072497e+08     2.671896432539355715e-02     1.591997641936725855e-02     1.288242302842165397e-03     5.511263214666411255e-08     1.208602476002759154e-03     6.719662139922554234e-01     2.828979453715063652e-01
1.980396149857440242e+33     3.404745888618187904e+08     2.535261304024907097e-02     1.731120897963141225e-02     1.244137407153958529e-03     5.157502730775765120e-08     1.164728370563774184e-03     6.931308313737938320e-01     2.617964292535807092e-01
1.994010679822995836e+33     3.422072839705303311e+08     2.530479765110835513e-02     1.754045396730638529e-02     1.082207055168918006e-03     5.399980928978805918e-08     1.016990257081138013e-03     6.989505322771251139e-01     2.561049647924008577e-01
2.007235065874080909e+33     3.439399790792418718e+08     2.441136144072364456e-02     1.789439385630303345e-02     1.053887379779249595e-03     5.201179138042488907e-08     9.911079968619007207e-04     7.129798803450750899e-01     2.426693169694656427e-01
2.020290975779641445e+33     3.456726741879534125e+08     2.301087161861538333e-02     1.863225676603002048e-02     1.026397622420554840e-03     4.865344190605240035e-08     9.653039831018998384e-04     7.326046076219819847e-01     2.237605137344083894e-01
2.033209839063488320e+33     3.474053692966649532e+08     2.274562465001138747e-02     1.936469415616021844e-02     9.619516759324527565e-04     5.050015701648019991e-08     9.066243304927547710e-04     7.385805025724875295e-01     2.174405521147586562e-01
2.046114063571870881e+33     3.491380644053764939e+08     2.133796648589674633e-02     1.947717818295868764e-02     1.021497672209320659e-03     4.663278329686731828e-08     9.629385262614363269e-04     7.515077486903274373e-01     2.056926238095630743e-01
2.058918244693346328e+33     3.508707595140880942e+08     2.023510224482588313e-02     2.011173107411113464e-02     9.788876720937707276e-04     4.426769811786414435e-08     9.248277146338773841e-04     7.671372377853072910e-01     1.906121692413299817e-01
2.071471867224093791e+33     3.526034546227996349e+08     1.968624224186595051e-02     2.082093535924100028e-02     8.712930279250779208e-04     4.413334219062999126e-08     8.254216558837489072e-04     7.714037425412105797e-01     1.863923210405314113e-01
2.083972528741991774e+33     3.543361497315111756e+08     1.841133338613171189e-02     2.112776349388058653e-02     8.895772684081515100e-04     4.047737215669253744e-08     8.432494903729707619e-04     7.831820844999507480e-01     1.755459513838835417e-01
2.096534668632610775e+33     3.560688448402227163e+08     1.727786422492643206e-02     2.167957386515871263e-02     8.008996850798330222e-04     3.772083637298339930e-08     7.622105524825464017e-04     7.978236373146188054e-01     1.616557766368972304e-01
2.108662612437089664e+33     3.578015399489342570e+08     1.696718992942486404e-02     2.189942894922265737e-02     7.167195467769242948e-04     3.781312731160812173e-08     6.848042591292377189e-04     8.003143742179842368e-01     1.594174452843347689e-01
2.120754599170110592e+33     3.595342350576457977e+08     1.538320497592994551e-02     2.259849396956487358e-02     7.161797021115632808e-04     3.306946290084347294e-08     6.839495960387498167e-04     8.147880247367449424e-01     1.458301139501470001e-01
2.133194920603911853e+33     3.612669301663573384e+08     1.427214105937749979e-02     2.336804504783346337e-02     6.440607522108917835e-04     3.071971945208874076e-08     6.166723933768257634e-04     8.292185222523271726e-01     1.318805277751547989e-01
2.145052533497094381e+33     3.629996252750688791e+08     1.438991982133628646e-02     2.326539426105845437e-02     6.012818266656405142e-04     3.244033464262906597e-08     5.755428280545866635e-04     8.309083833945224429e-01     1.302594454280280312e-01
2.156984163408433478e+33     3.647323203837804198e+08     1.277082197271206879e-02     2.332971658707160001e-02     6.214380063204377530e-04     2.783331781742380244e-08     5.946106085428433689e-04     8.458443501399316444e-01     1.168390348521036043e-01
2.169007661404283716e+33     3.664650154924919605e+08     1.193405820347322351e-02     2.444747255635540406e-02     5.320858298113198765e-04     2.689918329838593444e-08     5.104112039995180186e-04     8.583797126197093563e-01     1.041962326874680544e-01
2.180664881031844325e+33     3.681977106012035012e+08     1.146657735457929858e-02     2.441847306960806888e-02     4.706410771352822066e-04     2.578504102106875552e-08     4.516080284923170026e-04     8.626711856980523452e-01     1.005214889870916922e-01
2.192341739795908703e+33     3.699304057099150419e+08     1.013181294147441971e-02     2.442378896868602212e-02     4.816318586246514646e-04     2.215688565164453623e-08     4.621672601192626994e-04     8.750779096912868482e-01     8.942266712292315511e-02
2.203816329253424425e+33     3.716631008186266422e+08     8.869109626622533396e-03     2.551489364224004269e-02     4.166167639922185254e-04     1.922405809982699115e-08     4.018189522603585868e-04     8.870311387986657969e-01     7.776640299216092123e-02
2.215164691090239564e+33     3.733957959273381829e+08     7.719018181498731208e-03     2.523559847376456722e-02     4.687496898746203958e-04     1.570990512580826101e-08     4.520188106654054582e-04     8.949730759011741421e-01     7.115152323311722815e-02
2.226589281201054995e+33     3.751284910360497236e+08     6.365274171135804071e-03     2.523282967762383727e-02     4.723990238895230381e-04     1.196622131223868358e-08     4.574614680569592828e-04     9.059560539855083805e-01     6.151596970756408739e-02
2.237776685177496580e+33     3.768611861447612643e+08     4.891086452169730696e-03     2.581479439594871333e-02     5.179217198887537147e-04     8.351457523341035166e-09     5.027749594962634691e-04     9.183277263328050166e-01     4.994568778823407079e-02
2.248455116434354813e+33     3.785938812534728050e+08     4.491939682929820682e-03     2.586858285321728956e-02     8.075565496607159952e-04     7.623752011781528171e-09     7.856592792163193031e-04     9.220703397122608225e-01     4.597591429896286802e-02
2.259625016106396008e+33     3.803265763621843457e+08     3.906021135093680572e-03     2.598226241961388433e-02     1.478586344578217355e-03     6.451240300265259285e-09     1.448447145410446547e-03     9.265485093613970990e-01     4.063616714266660157e-02
2.270395050230523057e+33     3.820592714708958864e+08     3.020834480681035793e-03     2.628222781673987193e-02     3.619963092147109301e-03     4.571624237512818285e-09     3.529019887123200413e-03     9.300170571553482146e-01     3.353089299633617293e-02
2.280915450510975593e+33     3.837919665796074271e+08     3.104391219009482172e-03     2.545933041960894011e-02     1.153559848820114551e-02     5.065658996844455012e-09     1.101559873828169937e-02     9.165937468371794239e-01     3.229132923206019801e-02
2.291724462245284533e+33     3.855246616883189678e+08     2.793322189461844209e-03     2.580317012877890448e-02     2.285873865204632663e-02     4.616507279128869313e-09     2.181369621034166817e-02     8.979604299336728657e-01     2.877063826919118092e-02
2.302208647493615523e+33     3.872573567970305085e+08     2.114942643146434410e-03     2.586535349868251260e-02     4.434382206723620767e-02     3.221673176344327604e-09     4.247857850071275199e-02     8.617890379419586022e-01     2.340826212659039007e-02
2.312690807123422776e+33     3.889900519057420492e+08     2.279726194338447393e-03     2.433417349847259714e-02     9.419664557802737148e-02     3.838101369485176760e-09     9.163335946749424921e-02     7.647458274591515393e-01     2.281026396441451776e-02
2.323531370926364545e+33     3.907227470144535899e+08     2.043069403849426344e-03     2.499280721794848448e-02     1.230332333969005182e-01     3.494630642074931194e-09     1.145463463113499114e-01     7.152241293478914796e-01     2.016041082742956250e-02
2.334344203738824149e+33     3.924554421231651902e+08     1.458162468717187285e-03     2.536472848555320139e-02     1.603522841121296783e-01     2.293818456373387502e-09     1.455406658163610478e-01     6.516616405024945324e-01     1.562251632092574380e-02
2.345159098788493339e+33     3.941881372318767309e+08     1.696529483732011050e-03     2.486532512631627057e-02     1.896255463303580802e-01     2.966576528278087439e-09     1.687502555228697354e-01     5.990283422090629806e-01     1.603399836108423612e-02
2.356142598040228397e+33     3.959208323405882716e+08     1.576480935352475490e-03     2.480289365783322833e-02     2.007862327736660568e-01     2.793984947067576309e-09     1.770993405660628850e-01     5.810613580849722792e-01     1.467369118812816842e-02
2.366814732742126279e+33     3.976535274492998123e+08     1.044212174514531823e-03     2.503115912274709101e-02     2.281499343193048035e-01     1.703838276638377666e-09     2.032374613549566833e-01     5.318701879149118072e-01     1.066704340972664602e-02
2.377717329087697879e+33     3.993862225580113530e+08     1.325673161160514273e-03     2.473210744417294119e-02     2.378992716644017236e-01     2.401349572162783790e-09     2.148746246724670961e-01     5.094338000365533636e-01     1.173452061989478656e-02
2.388495640556126684e+33     4.011189176667228937e+08     1.201985123116590306e-03     2.451857587522455681e-02     2.511997823764527404e-01     2.216698617810215581e-09     2.275869167428707096e-01     4.851144692966610772e-01     1.037826836897579215e-02
2.399060583299994890e+33     4.028516127754344344e+08     7.766553454685690182e-04     2.429442725499186481e-02     2.757495842425450316e-01     1.320876112208474352e-09     2.512165949100676476e-01     4.405022313176281124e-01     7.460505608422550276e-03
2.409779275240044531e+33     4.045843078841459751e+08     1.016057524404096217e-03     2.466287548517279507e-02     2.859945206946984397e-01     1.891257476154852871e-09     2.602129962831066234e-01     4.197302584509703949e-01     8.383289670390045925e-03
2.420395753809759366e+33     4.063170029928575158e+08     9.207555552375548159e-04     2.474832493485015078e-02     3.021003417860921303e-01     1.736075729093122882e-09     2.738297493856540754e-01     3.909750769804354320e-01     7.425749621654919967e-03
2.430673332313745304e+33     4.080496981015690565e+08     5.796685560729498195e-04     2.479470267442222473e-02     3.184188038403539811e-01     1.018714311363948513e-09     2.888816975984543345e-01     3.621189437962023527e-01     5.206182515779989202e-03
2.440988848043662276e+33     4.097823932102805972e+08     7.648382839079962857e-04     2.529357780023375538e-02     3.223554710217641506e-01     1.426109741609278879e-09     2.909080580895363477e-01     3.546584103702686286e-01     6.019643008179342489e-03
2.451169986291788821e+33     4.115150883189921379e+08     6.716540672612993307e-04     2.604619124864809843e-02     3.330444359149729583e-01     1.265629132511564724e-09     2.988252774698544334e-01     3.362200255004179628e-01     5.192414533216244826e-03
2.461018934895263203e+33     4.132477834277037382e+08     4.084129379420519670e-04     2.622216580826683408e-02     3.485714980580126854e-01     7.286111584054663986e-10     3.121027396564461376e-01     3.091939869581022404e-01     3.501195852618746787e-03
2.470966251422718907e+33     4.149804785364152789e+08     5.430741860642421910e-04     2.690474740092975783e-02     3.521211087886568780e-01     1.001199400589378213e-09     3.135307447367669531e-01     3.027326999563023091e-01     4.167623930080272855e-03
2.480545828446703148e+33     4.167131736451268196e+08     4.580031992693556946e-04     2.747623384296068658e-02     3.685723669324200147e-01     8.606541704057182209e-10     3.287224999186663665e-01     2.713295913450686214e-01     3.441303900960784434e-03
2.490098465800246147e+33     4.184458687538383603e+08     2.736251810699902700e-04     2.786995064339930703e-02     3.886325245449783194e-01     5.060005168404870257e-10     3.484446825514266322e-01     2.325823215964556434e-01     2.196894976669473611e-03
2.499593126373032567e+33     4.201785638625499010e+08     3.586322915092428560e-04     2.898614252382917741e-02     3.967944947222294960e-01     6.700613069887459711e-10     3.545935899463237839e-01     2.166145737565301210e-01     2.652566089516875548e-03
2.508910913659138682e+33     4.219112589712614417e+08     3.051115395966738208e-04     3.289250102240425661e-02     4.198092206408158833e-01     5.894135388328723361e-10     3.719120377439675273e-01     1.728991373624460814e-01     2.181991101355989886e-03
2.518128781624916871e+33     4.236439540799729824e+08     1.856437373218945230e-04     4.315029623148255306e-02     4.418461445870073279e-01     3.635420089901275304e-10     3.827529152786733335e-01     1.306989372806342253e-01     1.366062521338689585e-03
2.527296263422511234e+33     4.253766491886845231e+08     2.379325239741127401e-04     4.401167985122247939e-02     4.491884602546337146e-01     4.589827976847827951e-10     3.871630953547907095e-01     1.177043424379356495e-01     1.694489118460313585e-03
2.536271827548565448e+33     4.271093442973960638e+08     2.091024295352066835e-04     5.080767551725872549e-02     4.624937204330226148e-01     4.150990798061531496e-10     3.909411841383618746e-01     9.409031626841461715e-02     1.458000798307866955e-03
2.545023219656306757e+33     4.288420394061076045e+08     1.368612277583549849e-04     5.523070465912008342e-02     4.740304280643363177e-01     2.765445704135496166e-10     3.954461169847459101e-01     7.418852313942268795e-02     9.673656480720226741e-04
2.553469063449777091e+33     4.305747345148191452e+08     1.663626041358617295e-04     5.734502036730265012e-02     4.714827427421676709e-01     3.186314131842373407e-10     3.885525053164924358e-01     8.125764065425949978e-02     1.195727997010426419e-03
2.561498114820413362e+33     4.323074296235306859e+08     1.465316652483418026e-04     5.519977080139433501e-02     4.766168735789348410e-01     2.870644333811035197e-10     3.935321198188728720e-01     7.347596380162726981e-02     1.028740046857971923e-03
2.569076502011811910e+33     4.340401247322422862e+08     1.052558971542685401e-04     5.224122830695906994e-02     4.851045043935291456e-01     2.181632125503522311e-10     4.026140836568204984e-01     5.922530409810593949e-02     7.096234292679097846e-04
2.576294947781661465e+33     4.357728198409538269e+08     1.095644452895506987e-04     5.213394082479006625e-02     4.794034979313152589e-01     2.147450376582086349e-10     3.970060776735628849e-01     7.057518654336016051e-02     7.717323669370298230e-04
2.583388088365293026e+33     4.375055149496653676e+08     9.101732841268358977e-05     5.730371992649336416e-02     4.833852812348815586e-01     1.888023453778605369e-10     3.952280677470575987e-01     6.338680183261580225e-02     6.051117417367033900e-04
2.590349237927064708e+33     4.392382100583769083e+08     7.534502187406716444e-05     5.521961325592540659e-02     4.907162522774242697e-01     1.671944322643153470e-10     4.047502570706714153e-01     4.878355110640394260e-02     4.549811005063976650e-04
2.596913600555597123e+33     4.409709051670884490e+08     7.166627872255644299e-05     5.446728165459469723e-02     4.849912750605716583e-01     1.529042840616018216e-10     4.017970064973390709e-01     5.821917259133357891e-02     4.535977645342876316e-04
2.603298155917307162e+33     4.427036002757999897e+08     5.824438124189266271e-05     5.449159768212116783e-02     4.908612006911499681e-01     1.271691433264627924e-10     4.101591413576331502e-01     4.407342092392103200e-02     3.563948367636723524e-04
2.609571335166970751e+33     4.444362953845115304e+08     5.562728295575062817e-05     4.960164645613141660e-02     4.954112020387191340e-01     1.244892220099793958e-10     4.213536046653970080e-01     3.326086513699096775e-02     3.170542953167432721e-04
2.615489214618140554e+33     4.461689904932230711e+08     5.191127953664947519e-05     4.539022933494367418e-02     4.940737098741170286e-01     1.118234496840032372e-10     4.261867120927870789e-01     3.398426312664847015e-02     3.131741801437307638e-04
2.621145255703382188e+33     4.479016856019346118e+08     4.294396871430251168e-05     4.300818789848735030e-02     4.997118987359638886e-01     9.219977646309541366e-11     4.351096081361546242e-01     2.186363219175836356e-02     2.637289767218350500e-04
2.626632831046746754e+33     4.496343807106461525e+08     4.154517107338818538e-05     4.060819441864300938e-02     4.999932116263788306e-01     8.821273306700777451e-11     4.383796519034371952e-01     2.072951987027168291e-02     2.478769219832008416e-04
2.631813485037476026e+33     4.513670758193576932e+08     3.845031769076622403e-05     3.654459901730573029e-02     5.012823565465538422e-01     7.930159967297196669e-11     4.438186275104147316e-01     1.807207706327018312e-02     2.438894654632658943e-04
2.636806745568492099e+33     4.530997709280692339e+08     3.297995198206030436e-05     3.369862327463696988e-02     5.051023529243194865e-01     6.765227593214235710e-11     4.497212841895252833e-01     1.122861877650621620e-02     2.161408153779327893e-04
2.641448694225183167e+33     4.548324660367807746e+08     2.917950682031809440e-05     3.270865574364017342e-02     5.049414807286412010e-01     5.699306492959985396e-11     4.507034497180878452e-01     1.142358843471921043e-02     1.936458110982551496e-04
2.645970617799713080e+33     4.565651611454924345e+08     2.837694933822619526e-05     3.113467425902514615e-02     5.071479136931237308e-01     5.596917376435401796e-11     4.524768670086589673e-01     9.016928938097338100e-03     1.952390957874609086e-04
2.650320518391764494e+33     4.582978562542039752e+08     2.520554229437205649e-05     3.038396803117127468e-02     5.090543186119843577e-01     5.010477291371867336e-11     4.536138555171436160e-01     6.745134091160101021e-03     1.775181561413070679e-04
2.654400500342750455e+33     4.600305513629155159e+08     2.164038355155829433e-05     2.953226789151764536e-02     5.090861782483037112e-01     3.948149468387469144e-11     4.543187011173218104e-01     6.881922528441021362e-03     1.592897913825824980e-04
2.658101831033918114e+33     4.617632464716270566e+08     2.305115547742036362e-05     2.921354575336098519e-02     5.106789799804604124e-01     4.544025597001536781e-11     4.539085033549339343e-01     6.008879690383287821e-03     1.670400199438211713e-04
2.661793549581490028e+33     4.634959415803385973e+08     2.177130113385675775e-05     2.954443092821530323e-02     5.110264139636191416e-01     4.479280240146405487e-11     4.537740349839444742e-01     5.477396153251122557e-03     1.559526250433870300e-04
2.665143830395346785e+33     4.652286366890501380e+08     1.724719975115788129e-05     3.129573765972689520e-02     5.106564347050739361e-01     3.153325078458082591e-11     4.520812452569630824e-01     5.816290418299525228e-03     1.330447286518683029e-04
2.668221778937606201e+33     4.669613317977616787e+08     2.143769462576169697e-05     3.258922543068808880e-02     5.108853792435388286e-01     4.532155823362616455e-11     4.507610118391351950e-01     5.590462073480637409e-03     1.524836732096195848e-04
2.671175514800868655e+33     4.686940269064732194e+08     2.049239510048066928e-05     3.650981614828029825e-02     5.099733270198424373e-01     4.580574209820328198e-11     4.478506791046434898e-01     5.504401413589558346e-03     1.412838727380587918e-04
2.673920363679767243e+33     4.704267220151847601e+08     1.500691288134793051e-05     4.087747255414346526e-02     5.091642756710743623e-01     2.984578575362920098e-11     4.437952835618511060e-01     6.035940128492896066e-03     1.120211417110415867e-04
2.676431027746336450e+33     4.721594171238963008e+08     2.104951323196153237e-05     4.377357204604614971e-02     5.082689194272590472e-01     4.930736608499956783e-11     4.417252659720866670e-01     6.070996723562083024e-03     1.401962685067675038e-04
2.678816151454097535e+33     4.738921122326078415e+08     2.066976099089379258e-05     5.078089786744365702e-02     5.077620619103253574e-01     5.113012807799792797e-11     4.352642378618000185e-01     6.039966222273649051e-03     1.321663260363554603e-04
2.681033795579115091e+33     4.756248073413193822e+08     1.381112200425392903e-05     6.008141733414329444e-02     5.070650144127230030e-01     3.122293835897081383e-11     4.260891706239647303e-01     6.655771779363739774e-03     9.481469657798454723e-05
2.683050103862492334e+33     4.773575024500309825e+08     2.134761062850990831e-05     6.327392912670079528e-02     5.066980953283293232e-01     5.604699563421262359e-11     4.232962703500379731e-01     6.580813787810029479e-03     1.295437404464054186e-04
2.684975008522411541e+33     4.790901975587425232e+08     2.224503939381135137e-05     6.861713810965171245e-02     5.064633947298980976e-01     6.104570096266391548e-11     4.178907458638411732e-01     6.876732063890082444e-03     1.297441322795306958e-04
2.686708781931427890e+33     4.808228926674540639e+08     1.335525602119910725e-05     7.895281995815019160e-02     5.061453946362887146e-01     3.450749883721871645e-11     4.076326351859753672e-01     7.173161245725988983e-03     8.263368333112914145e-05
2.688328697861497756e+33     4.825555877761656046e+08     2.292594481311660339e-05     8.282257303626867906e-02     5.060816270419817853e-01     6.638804248539511225e-11     4.037471176656222682e-01     7.199168960054547727e-03     1.265872848715057786e-04
2.689866611662216199e+33     4.842882828848771453e+08     2.412177709917642855e-05     1.064751743480626262e-01     5.060609469254886417e-01     7.226845520414160252e-11     3.801774513368428310e-01     7.133946044606247899e-03     1.283594956320218696e-04
2.691252687977649741e+33     4.860209779935886860e+08     1.363072037779241151e-05     1.249506974786031982e-01     5.060164971405100021e-01     3.935875193550222391e-11     3.616451008458894112e-01     7.297924514560199909e-03     7.614926070068034163e-05
2.692552778496063382e+33     4.877536731023002267e+08     2.412501145607306283e-05     1.425092737760838835e-01     5.061465423585062018e-01     7.524376851895650227e-11     3.441864190204886320e-01     7.011448780449789850e-03     1.221909777716366269e-04
2.693832635348359006e+33     4.894863682110117674e+08     2.513989363920978885e-05     1.716074660749556946e-01     5.064131367335779066e-01     8.023872164348760963e-11     3.152924722296980842e-01     6.538445929816578267e-03     1.233390580738933566e-04
2.694997980502451466e+33     4.912190633197233081e+08     1.427543623652261286e-05     1.872231849089489308e-01     5.063892418686394281e-01     4.455234957474786566e-11     2.996231770483800960e-01     6.677388255791831539e-03     7.273243745076614320e-05
2.696042715204061183e+33     4.929517584284348488e+08     2.659506739839880791e-05     1.973881796385656140e-01     5.066012788334187666e-01     8.738842835256812490e-11     2.894939421816764558e-01     6.365352079641760537e-03     1.246521119106450831e-04
2.697052353183281345e+33     4.946844535371463895e+08     2.730660995737355256e-05     2.133801746680748512e-01     5.068388698336439013e-01     9.093134641431393864e-11     2.737915337426120033e-01     5.837060828959965593e-03     1.250542258204711133e-04
2.697981762125723395e+33     4.964171486458579302e+08     1.470881045820792385e-05     2.272401475467357435e-01     5.071390908007831211e-01     4.823592781380545820e-11     2.602135817332034140e-01     5.323279987942253384e-03     6.919107264133749348e-05
2.698837759314686815e+33     4.981498437545695305e+08     2.834345608127723643e-05     2.232589933419594497e-01     5.071146406921305250e-01     9.628469658327375484e-11     2.641509230640206041e-01     5.322265051915570436e-03     1.248342976079231054e-04
2.699649963260161544e+33     4.998825388632810712e+08     3.011237177897953241e-05     2.116030078213994581e-01     5.071117373249880433e-01     1.031040828979012872e-10     2.759438774209706513e-01     5.180868925849462132e-03     1.303960319093387405e-04
2.700367436787442984e+33     5.016152339719926119e+08     1.683573855629087970e-05     1.974068875403861556e-01     5.076578400524918155e-01     5.721325484160492979e-11     2.905710535954104667e-01     4.273601085007214077e-03     7.378193093483830824e-05
2.700989999093225395e+33     5.033479290807041526e+08     3.410684232787886279e-05     1.728442297651070214e-01     5.070605846084547119e-01     1.184264716769345603e-10     3.147896579807973882e-01     5.128455667258423507e-03     1.429650176282146407e-04
2.701559146011188244e+33     5.050806241894156933e+08     3.494650222762291358e-05     1.708302969675260241e-01     5.074676704411722472e-01     1.221654622725062072e-10     3.168245958036004506e-01     4.698510511746582102e-03     1.439796515618206357e-04
2.702076320016848035e+33     5.068133192981272340e+08     1.849206805557169833e-05     1.829342914774048090e-01     5.083101345754641454e-01     6.432893898787267976e-11     3.051020494515956361e-01     3.558306151877861645e-03     7.672621127298494357e-05
2.702545644465905001e+33     5.085460144068387747e+08     3.634413209279158260e-05     2.080988439388889721e-01     5.079066576391849663e-01     1.282828098591580787e-10     2.792120457417078261e-01     4.600319895826496600e-03     1.457885240162642667e-04
2.702990629944904375e+33     5.102787095155503154e+08     3.846375029630042501e-05     2.390152101323618217e-01     5.082634757241436541e-01     1.366556707174826770e-10     2.483595230125903441e-01     4.171984993505592140e-03     1.513422504466217496e-04
2.703380301829416900e+33     5.120114046242618561e+08     2.193461641594138899e-05     2.422969824064765409e-01     5.087646577528595060e-01     7.752044982632560665e-11     2.452486278500619898e-01     3.580747868669906849e-03     8.704942799570564833e-05
2.703707583480420850e+33     5.137440997329733968e+08     4.542567389202221517e-05     2.429443703523649356e-01     5.080957150179344906e-01     1.624109608656774655e-10     2.437481783310356809e-01     4.991381072037184841e-03     1.749293903247208870e-04
2.704002941222245086e+33     5.154767948416849375e+08     5.065709454789734301e-05     2.272497492836887123e-01     5.085132229470371579e-01     1.822828242025356299e-10     2.593733178610002632e-01     4.621832408017220034e-03     1.912202234257870696e-04
2.704248190531205662e+33     5.172094899503964782e+08     2.761577241616615635e-05     2.091569546162138915e-01     5.092973549446950798e-01     9.880910324548541317e-11     2.775291174668293448e-01     3.883528955384020834e-03     1.054281456524346332e-04
2.704463318113375992e+33     5.189421850591080189e+08     5.467356837326458073e-05     2.063854658533970099e-01     5.086778571720064202e-01     1.978325343335547716e-10     2.796091880773439731e-01     5.070366934967778308e-03     2.024481960790664055e-04
