Time, Max density, Central density
   4.6616435964252486E-007    49999997966.16586         49999944510.59328     
   9.3232871894099531E-007    49999998185.11205         49999945361.64201     
   1.3984930772147925E-006    49999998607.49403         49999946691.07418     
   1.8646574338009772E-006    50000000010.15594         49999948497.69684     
   2.3308217880433838E-006    50000001621.22118         49999950785.75771     
   2.7969861392952904E-006    50000003650.03155         49999953558.92089     
   3.2631504869000976E-006    50000006632.63835         49999956818.07874     
   3.7293148301886366E-006    50000009942.96510         49999960561.81062     
   4.1954791684855757E-006    50000013521.71696         49999964787.21933     
   4.6616435011191129E-006    50000017297.43951         49999969490.50309     
   5.1278078274210541E-006    50000021573.26122         49999974665.64477     
   5.5939721467228085E-006    50000026989.23827         49999980309.46438     
   6.0601364583517378E-006    50000032658.74186         49999986420.02245     
   6.5263007616329354E-006    50000038510.11287         49999992996.59380     
   6.9924650558900033E-006    50000044496.57502         50000000049.58983     
   7.4586293404467237E-006    50000050873.46696         50000007569.94859     
   7.9247936146240420E-006    50000058481.67068         50000015551.94083     
   8.3909578777398979E-006    50000066608.73740         50000023989.93587     
   8.8571221291098818E-006    50000074803.63811         50000032879.17410     
   9.3232863680477462E-006    50000083011.30718         50000042217.10614     
   9.7894505938662545E-006    50000091352.62314         50000052004.38317     
   1.0255614805876615E-005    50000101037.65441         50000062244.92057     
   1.0721779003386855E-005    50000111351.47684         50000072940.89413     
   1.1187943185703880E-005    50000121992.31535         50000084094.24422     
   1.1654107352132582E-005    50000132514.17169         50000095705.67836     
   1.2120271501975496E-005    50000142916.77185         50000107775.22287     
   1.2586435634534500E-005    50000154817.63977         50000120302.44635     
   1.3052599749110248E-005    50000167267.75160         50000133286.15223     
   1.3518763845001905E-005    50000180122.45603         50000146723.78668     
   1.3984927921506691E-005    50000192889.77202         50000160612.91553     
   1.4451091977919856E-005    50000205643.73420         50000174951.46938     
   1.4917256013534507E-005    50000219762.81682         50000189737.87933     
   1.5383420027642135E-005    50000234329.99361         50000204971.02568     
   1.5849584019533048E-005    50000249248.85009         50000220650.16017     
   1.6315747988496742E-005    50000264138.08659         50000236774.78735     
   1.6781911933822023E-005    50000278852.25297         50000253344.44671     
   1.7248075854797099E-005    50000295218.65264         50000270358.37249     
   1.7714239750709367E-005    50000312097.73807         50000287814.85761     
   1.8180403620845282E-005    50000329155.15748         50000305713.28172     
   1.8646567464490292E-005    50000345921.83601         50000324053.32310     
   1.9112731280928823E-005    50000363972.26392         50000342834.97109     
   1.9578895069444406E-005    50000382376.83469         50000362057.46263     
   2.0045058829318945E-005    50000401080.10720         50000381719.38364     
   2.0511222559833214E-005    50000419843.29021         50000401819.56539     
   2.0977386260267697E-005    50000438389.07085         50000422356.64490     
   2.1443549929903161E-005    50000458723.06699         50000443328.98696     
   2.1909713568020969E-005    50000479520.24356         50000464734.61005     
   2.2375877173903376E-005    50000500249.72316         50000486570.92577     
   2.2842040746833607E-005    50000521197.19016         50000508835.05150     
   2.3308204286095687E-005    50000543195.51659         50000531524.16783     
   2.3774367790974528E-005    50000565363.34505         50000554636.47986     
   2.4240531260755594E-005    50000587567.62749         50000578171.88565     
   2.4706694694724679E-005    50000609551.58588         50000602132.13067     
   2.5172858092167392E-005    50000633420.58717         50000626521.41177     
   2.5639021452368696E-005    50000657765.88475         50000651341.77086     
   2.6105184774612404E-005    50000682171.43113         50000676596.48945     
   2.6571348058181350E-005    50000707471.44229         50000702289.12086     
   2.7037511302355150E-005    50000733033.02399         50000728423.47736     
   2.7503674506408573E-005    50000758652.41167         50000755006.83590     
   2.7969837669612466E-005    50000785126.89479         50000782045.96998     
   2.8436000791230969E-005    50000813243.75039         50000809546.59522     
   2.8902163870518580E-005    50000841593.14433         50000837512.28860     
   2.9368326906717737E-005    50000870589.38848         50000865943.98777     
   2.9834489899060340E-005    50000900100.89775         50000894838.80109     
   3.0300652846769118E-005    50000930023.36585         50000924195.20975     
   3.0766815749061470E-005    50000959951.83615         50000954015.04673     
   3.1232978605152136E-005    50000989522.42980         50000984301.28448     
   3.1699141414257172E-005    50001019832.09698         50001015061.37984     
   3.2165304175597065E-005    50001051007.74508         50001046299.64198     
   3.2631466888399225E-005    50001082559.85558         50001078012.18540     
   3.3097629551902097E-005    50001114799.09769         50001110201.10426     
   3.3563792165349204E-005    50001147482.23354         50001142873.13818     
   3.4029954727965829E-005    50001179685.47285         50001176047.49829     
   3.4496117238962783E-005    50001210615.46935         50001209722.87830     
   3.4962279697531610E-005    50001243923.08266         50001243876.94971     
   3.5428442102850335E-005    50001278457.55390         50001278457.55390     
   3.5894604454395654E-005    50001313317.94844         50001313317.94844     
   3.6360766751819437E-005    50001348187.87512         50001348187.87512     
   3.6826928995030814E-005    50001382952.35966         50001382952.35966     
   3.7293091184094181E-005    50001417536.12009         50001417536.12009     
   3.7759253319183083E-005    50001451889.42221         50001451889.42221     
   3.8225415400548277E-005    50001485934.77739         50001485934.77739     
   3.8691577428573089E-005    50001519537.66776         50001519537.66776     
   3.9157739403830174E-005    50001552611.90108         50001552611.90108     
   3.9623901327039822E-005    50001585036.39513         50001585036.39513     
   4.0090063199113109E-005    50001616653.25952         50001616653.25952     
   4.0556225021206627E-005    50001647270.82958         50001647270.82958     
   4.1022386794783954E-005    50001676664.23071         50001676664.23071     
   4.1488548521676844E-005    50001704579.69849         50001704579.69849     
   4.1954710204120419E-005    50001730752.85226         50001730752.85226     
   4.2420871844800778E-005    50001754903.76387         50001754903.76387     
   4.2887033446872311E-005    50001776742.26620         50001776742.26620     
   4.3353195013868352E-005    50001796048.97330         50001796048.97330     
   4.3819356549676985E-005    50001812614.74117         50001812614.74117     
   4.4285518058511400E-005    50001826257.86000         50001826257.86000     
   4.4751679544887286E-005    50001836896.00049         50001836896.00049     
   4.5217841013562310E-005    50001845520.85603         50001845520.85603     
   4.5684002469098580E-005    50001852539.22221         50001852539.22221     
   4.6150163913717076E-005    50001857654.99992         50001857654.99992     
   4.6616325350029262E-005    50001860892.89378         50001860892.89378     
   4.7082486780988200E-005    50001862281.06055         50001862281.06055     
   4.7548648209468624E-005    50001861875.17872         50001861875.17872     
   4.8014809638243518E-005    50001859758.25167         50001859758.25167     
   4.8480971069947960E-005    50001856042.18607         50001856042.18607     
   4.8947132507043218E-005    50001850885.69041         50001850885.69041     
   4.9413293951777371E-005    50001844466.90075         50001844466.90075     
   4.9879455406109912E-005    50001836923.67257         50001836923.67257     
   5.0345616871651430E-005    50001828462.05704         50001828462.05704     
   5.0811778349806474E-005    50001819128.52827         50001819128.52827     
   5.1277939841930854E-005    50001809094.82878         50001808832.73391     
   5.1744101349359750E-005    50001798391.09670         50001797606.01694     
   5.2210262873433135E-005    50001786829.36208         50001785453.40601     
   5.2676424415487138E-005    50001774432.36337         50001772395.30479     
   5.3142585976852809E-005    50001761190.21256         50001758464.53679     
   5.3608747558844823E-005    50001747118.04207         50001743697.76613     
   5.4074909162760035E-005    50001732233.14057         50001728126.87762     
   5.4541070789873101E-005    50001716540.36690         50001711770.74628     
   5.5007232441445835E-005    50001700034.17946         50001694628.90190     
   5.5473394118747338E-005    50001682694.62892         50001676680.99905     
   5.5939555823077777E-005    50001663908.08375         50001657398.52188     
   5.6405717556685809E-005    50001639319.30315         50001632236.43131     
   5.6871879328633960E-005    50001614610.93237         50001606508.83046     
   5.7338041139101158E-005    50001589302.17664         50001580687.81188     
   5.7804202989024208E-005    50001561629.22868         50001552464.12900     
   5.8270364882081326E-005    50001531733.37337         50001521952.19176     
   5.8736526821746880E-005    50001499713.92529         50001489280.13365     
   5.9202688811332117E-005    50001465653.61048         50001454513.81748     
   5.9668850854019272E-005    50001429627.89558         50001417755.52563     
   6.0135012952872945E-005    50001391747.38016         50001379114.60401     
   6.0601175110785265E-005    50001352136.15285         50001338714.60919     
   6.1067337330454900E-005    50001310931.42861         50001296695.07422     
   6.1533499614366529E-005    50001268281.75928         50001253214.28544     
   6.1999661964773307E-005    50001224344.43378         50001208439.34238     
   6.2465824383683136E-005    50001179284.01052         50001162548.15392     
   6.2931986872847328E-005    50001133270.27106         50001115729.38527     
   6.3398149433752554E-005    50001086483.82742         50001068166.96236     
   6.3864312067610926E-005    50001039083.36234         50001020029.44972     
   6.4330474775374169E-005    50000991209.11417         50000971464.11674     
   6.4796637557780097E-005    50000942982.36342         50000922601.56084     
   6.5262800415378562E-005    50000894510.55948         50000873561.57159     
   6.5728963348551882E-005    50000845965.07417         50000824522.12212     
   6.6195126357415212E-005    50000797360.64059         50000775533.45641     
   6.6661289442060696E-005    50000748745.52425         50000726513.32603     
   6.7127452602505167E-005    50000700141.71103         50000677567.11966     
   6.7593615838731208E-005    50000651532.74128         50000628673.46838     
   6.8059779150746980E-005    50000602878.74365         50000579786.46575     
   6.8525942538622792E-005    50000554127.22078         50000530860.33049     
   6.8992106002510852E-005    50000505228.39073         50000481860.31006     
   6.9458269542640891E-005    50000456143.35289         50000432768.57600     
   6.9924433159303297E-005    50000406880.65376         50000383586.35405     
   7.0390596852775138E-005    50000357481.19519         50000334334.87236     
   7.0856760623269814E-005    50000307995.04659         50000285049.79321     
   7.1322924470922509E-005    50000258465.05523         50000235773.09016     
   7.1789088395801746E-005    50000208913.89021         50000186533.04210     
   7.2255252397940661E-005    50000159352.05249         50000137339.27997     
   7.2721416477355977E-005    50000109789.92918         50000088180.84176     
   7.3187580634048290E-005    50000060241.42046         50000039052.77859     
   7.3653744867996433E-005    50000010728.97834         49999989964.67538     
   7.4119909179144297E-005    49999961281.17295         49999940926.53786     
   7.4586073567391186E-005    49999911931.81488         49999891953.20742     
   7.5052238032583755E-005    49999862720.69655         49999843106.83897     
   7.5518402574506558E-005    49999813697.70052         49999794435.95454     
   7.5984567192866374E-005    49999764913.44054         49999746035.36446     
   7.6450731887291130E-005    49999716421.06473         49999697914.59911     
   7.6916896657325829E-005    49999668277.43681         49999650165.35360     
   7.7383061502426837E-005    49999620553.34274         49999602872.14542     
   7.7849226421940123E-005    49999573300.45890         49999556110.69957     
   7.8315391415131113E-005    49999526561.36626         49999509940.42529     
   7.8781556481198880E-005    49999480368.61559         49999464369.09215     
   7.9247721619291620E-005    49999434754.77873         49999419411.71342     
   7.9713886828506803E-005    49999389750.29191         49999375074.56921     
   8.0180052107894437E-005    49999345364.54424         49999331347.35799     
   8.0646217456489840E-005    49999301583.48392         49999288200.04523     
   8.1112382873350258E-005    49999258362.61189         49999245595.50606     
   8.1578548357602338E-005    49999215629.77961         49999203479.64983     
   8.2044713908485119E-005    49999173351.07569         49999161834.27664     
   8.2510879525290551E-005    49999131497.88030         49999120641.08249     
   8.2977045207355222E-005    49999090048.78950         49999079877.12531     
   8.3443210954049009E-005    49999049013.45795         49999039533.15513     
   8.3909376764726879E-005    49999015417.38342         49998999604.62606     
   8.4375542638748989E-005    49998983359.70812         49998960091.88470     
   8.4841708575463247E-005    49998951135.23756         49998921005.19011     
   8.5307874574191837E-005    49998918828.82690         49998882338.71944     
   8.5774040634260844E-005    49998886507.67502         49998844114.66694     
   8.6240206754936970E-005    49998854195.35673         49998806366.76472     
   8.6706372935442815E-005    49998821871.99648         49998769125.65331     
   8.7172539174959330E-005    49998789521.37125         49998732415.64192     
   8.7638705472630566E-005    49998758772.54465         49998696254.40058     
   8.8104871827571096E-005    49998730753.66521         49998660654.97921     
   8.8571038238873469E-005    49998704986.71359         49998625629.04085     
   8.9037204705612387E-005    49998681618.49910         49998591185.46297     
   8.9503371226849635E-005    49998658125.42551         49998557330.32397     
   8.9969537801636970E-005    49998634445.40893         49998524069.39170     
   9.0435704429015903E-005    49998610533.65081         49998491408.92765     
   9.0901871108016181E-005    49998586350.62957         49998459360.51059     
   9.1368037837651574E-005    49998562890.95237         49998427938.77254     
   9.1834204616925497E-005    49998539686.78613         49998397162.73959     
   9.2300371444798077E-005    49998516777.72502         49998367052.27857     
   9.2766538320187606E-005    49998494214.76375         49998337623.69974     
   9.3232705241990475E-005    49998474202.83557         49998308882.50170     
   9.3698872209097857E-005    49998455181.33422         49998280860.87234     
   9.4165039220403174E-005    49998436355.69875         49998253565.36060     
   9.4631206274802072E-005    49998417799.56815         49998226976.47233     
   9.5097373371197215E-005    49998399541.78204         49998201058.51090     
   9.5563540508499415E-005    49998383212.16476         49998175777.81624     
   9.6029707685630147E-005    49998368080.98649         49998151107.14719     
   9.6495874901526949E-005    49998371081.49500         49998127041.87435     
   9.6962042155149256E-005    49999248391.34370         49998103575.54303     
   9.7428209445482729E-005    49999760109.42517         49998080701.94873     
   9.7894376771541112E-005    50001698993.35023         49998058415.90565     
   9.8360544132369181E-005    50002244841.45850         49998036714.20151     
   9.8826711527041583E-005    50003663902.30625         49998015596.34766     
   9.9292878954636122E-005    50004467902.56252         49997995065.13721     
   9.9759046414236690E-005    50005451222.24695         49997975126.56997     
   1.0022521390492682E-004    50006324992.09671         49997955789.46466     
   1.0069138142580614E-004    50002659510.59151         49997937064.76797     
   1.0115754897596750E-004    50003745964.53220         49997918964.87282     
   1.0162371655448922E-004    50002949643.42567         49997901508.46249     
   1.0208988416042450E-004    50004162723.14651         49997884702.00038     
   1.0255605179279528E-004    50004872360.61192         49997868542.56236     
   1.0302221945059672E-004    50006130199.23331         49997853039.17110     
   1.0348838713278378E-004    50007035113.53234         49997838199.23221     
   1.0395455483823402E-004    50008325475.08277         49997824030.99826     
   1.0442072256578620E-004    50009162693.44157         49997810528.11277     
   1.0488689031426730E-004    50011464807.36664         49997797664.02167     
   1.0535305808251065E-004    50012348812.50996         49997785408.14832     
   1.0581922586936402E-004    50013877719.34587         49997773765.66570     
   1.0628539367369534E-004    50014727382.19945         49997762744.61776     
   1.0675156149439337E-004    50015204709.13348         49997752363.57449     
   1.0721772933036691E-004    50015446177.36967         49997742650.00109     
   1.0768389718053727E-004    50016284128.48582         49997733617.97697     
   1.0815006504382098E-004    50015130733.73778         49997725277.97411     
   1.0861623291917096E-004    50017546320.73434         49997717642.88428     
   1.0908240080555979E-004    50018056199.86167         49997710722.69048     
   1.0954856870197805E-004    50018962973.37401         49997704524.18933     
   1.1001473660742930E-004    50019674041.56419         49997699051.12726     
   1.1048090452092184E-004    50020476538.63832         49997694303.21458     
   1.1094707244146862E-004    50014339595.90673         49997690276.33097     
   1.1141324036809027E-004    50014661300.70598         49997686968.51307     
   1.1187940829980940E-004    50016171918.13352         49997684381.69242     
   1.1234557623565221E-004    50017663104.81452         49997682486.54565     
   1.1281174417463846E-004    50019013926.27252         49997681222.28120     
   1.1327791211577209E-004    50021532689.60783         49997680418.10133     
   1.1374408005811846E-004    50023125434.49355         49997680055.38673     
   1.1421024800084807E-004    50024501400.22662         49997679971.93367     
   1.1467641594337787E-004    50025815273.26789         49997680269.98423     
   1.1514258388499523E-004    50027085226.53920         49997681026.94335     
   1.1560875182483502E-004    50028318653.88305         49997682250.03909     
   1.1607491976196170E-004    50028709876.04380         49997683941.58958     
   1.1654108769542199E-004    50028770218.04298         49997686130.22822     
   1.1700725562425370E-004    50030968129.93716         49997688848.31650     
   1.1747342354747370E-004    50033866017.23586         49997692149.51273     
   1.1793959146406376E-004    50035100160.42458         49997696088.25761     
   1.1840575937298931E-004    50037307944.09489         49997700716.24650     
   1.1887192727319216E-004    50039563545.50047         49997706082.59010     
   1.1933809516362291E-004    50042270148.29561         49997712229.85014     
   1.1980426304325808E-004    50044507346.69597         49997719183.46146     
   1.2027043091111358E-004    50047738388.49074         49997726958.84666     
   1.2073659876613486E-004    50050198745.44797         49997735557.89526     
   1.2120276660718563E-004    50053389057.03988         49997744957.77150     
   1.2166893443310262E-004    50054844865.52135         49997755143.57420     
   1.2213510224270795E-004    50055729810.30175         49997968517.38091     
   1.2260127003482042E-004    50058233261.67381         50005740104.67852     
   1.2306743780827984E-004    50062800000.25329         50013738829.31190     
   1.2353360556198302E-004    50063794979.24678         50022188130.54191     
   1.2399977329481687E-004    50058510754.65257         50026596250.75531     
   1.2446593166095916E-004    50058644815.25991         50029743721.80804     
   1.2493207784100663E-004    50063033820.77079         50032571635.47626     
   1.2539660091174311E-004    50052745304.41441         50034768921.36519     
   1.2586020919394406E-004    50059292190.39774         50036342932.91138     
   1.2632379965790076E-004    50067643483.23349         50037300768.03101     
   1.2678737709286361E-004    50072759433.00978         50037889167.79610     
   1.2725094654688520E-004    50075298804.47546         50038564308.01736     
   1.2771451203839003E-004    50075648855.14880         50039311943.78153     
   1.2817807698264121E-004    50074866838.55328         50040230468.62222     
   1.2864164314585724E-004    50073211881.14640         50041307974.99559     
   1.2910521188997252E-004    50071254025.28029         50042423333.13510     
   1.2956878368782166E-004    50069675454.98698         50043465466.51900     
   1.3003235794794825E-004    50069662071.63962         50044407890.25040     
   1.3049593401247403E-004    50074506982.05631         50045245501.88187     
   1.3095951115940716E-004    50076334167.22518         50046000483.97606     
   1.3142308907295667E-004    50076606565.53728         50046675510.20815     
   1.3188666772255219E-004    50076715270.43399         50047296012.26144     
   1.3235024701092280E-004    50075953095.97778         50047893035.71379     
   1.3281382667766869E-004    50074742778.75316         50048483701.06116     
   1.3327740651133168E-004    50074609023.03906         50049095153.32513     
   1.3374098633402637E-004    50078581951.67059         50049773743.10625     
   1.3420456605062772E-004    50083616665.44790         50050522530.19496     
   1.3466814570690250E-004    50086322243.83942         50051311079.57825     
   1.3513172539634369E-004    50086680939.16637         50052093595.63278     
   1.3559530536865519E-004    50085196995.43053         50052794640.16004     
   1.3605888605149172E-004    50082034608.04942         50053348414.26389     
   1.3652246792417318E-004    50078741755.86459         50053716710.25327     
   1.3698605161972268E-004    50078520074.51802         50053846973.62833     
   1.3744963715226285E-004    50076753361.22927         50053791424.35291     
   1.3791322439897058E-004    50077366002.69643         50053609133.67464     
   1.3837681285779356E-004    50077760760.49566         50053362887.06463     
   1.3884040146775557E-004    50077048295.69997         50053094284.71792     
   1.3930398941718297E-004    50075348686.88258         50052835570.90387     
   1.3976757594266851E-004    50073866737.35159         50052593500.06181     
   1.4023116046712317E-004    50073960000.96224         50052344514.95352     
   1.4069474247054603E-004    50075529470.71995         50052041187.31509     
   1.4115832176641473E-004    50076341493.28890         50051660564.50424     
   1.4162189872735006E-004    50076552060.28885         50051200631.66360     
   1.4208547381096067E-004    50076266114.81066         50050658908.21003     
   1.4254904737564587E-004    50075840908.76198         50050036456.86176     
   1.4301261984266114E-004    50076108977.42793         50049341926.83781     
   1.4347619143810185E-004    50077574666.14378         50048575084.14207     
   1.4393976214694296E-004    50078750711.49644         50047740899.13194     
   1.4440333187858820E-004    50079258688.45699         50046883630.52279     
   1.4486690058514000E-004    50079472665.92537         50046028614.91544     
   1.4533046826507607E-004    50079573005.33052         50045197355.17566     
   1.4579403497841796E-004    50079525851.65041         50044399454.95538     
   1.4625760086638617E-004    50080904425.99808         50043637536.29441     
   1.4672116620983064E-004    50082126455.71314         50042953950.32654     
   1.4718473138124614E-004    50082746284.05209         50042361581.97840     
   1.4764829688616440E-004    50082847666.95213         50041857885.83462     
   1.4811186307218239E-004    50082619810.54144         50041447694.19070     
   1.4857543000372018E-004    50082024337.97939         50041140154.99507     
   1.4903899765411665E-004    50081978715.26423         50040946947.03689     
   1.4950256601925542E-004    50081697818.05286         50040882613.97688     
   1.4996613488796730E-004    50081186897.75387         50040971047.38821     
   1.5042970405914285E-004    50081268438.95685         50041245291.19712     
   1.5089327330203211E-004    50082222064.43476         50041740612.57574     
   1.5135684243361815E-004    50082803608.01830         50042350634.69579     
   1.5182041125895196E-004    50083113556.28649         50043007018.40572     
   1.5228397974927530E-004    50083250605.83481         50043775146.62634     
   1.5274754796653058E-004    50083118454.11785         50044718261.57536     
   1.5321111599350467E-004    50082790377.16129         50045857295.85551     
   1.5367468401588855E-004    50082312829.83160         50047206656.24070     
   1.5413825216181807E-004    50081680601.56934         50048795272.09643     
   1.5460182051089019E-004    50081249618.08460         50050669260.01160     
   1.5506538908590937E-004    50080715055.45667         50052836234.69453     
   1.5552895790069864E-004    50080081328.60705         50055356910.13103     
   1.5599252682158829E-004    50080361145.98230         50058160350.09654     
   1.5645609571272393E-004    50081664126.93100         50061169377.67279     
   1.5691966443941966E-004    50082713698.14709         50064291135.64436     
   1.5738323288887415E-004    50083433739.12457         50067429230.30404     
   1.5784680096041643E-004    50083761333.32307         50070542803.75409     
   1.5831036862132508E-004    50083819592.44913         50073608105.29362     
   1.5877393588963976E-004    50085873337.81869         50076655850.95842     
   1.5923750278096623E-004    50087641887.68996         50079686620.65657     
   1.5970106929701755E-004    50088932957.68628         50082608097.41153     
   1.6016463543184445E-004    50089749912.69419         50085398452.57218     
   1.6062820117688476E-004    50090108065.66391         50088043479.80573     
   1.6109176652032584E-004    50090579281.43620         50090579281.43620     
   1.6155533144758218E-004    50092976791.31705         50092976791.31705     
   1.6201889595971974E-004    50095204682.84064         50095204682.84064     
   1.6248246006064784E-004    50097248807.27545         50097248807.27545     
   1.6294602378021802E-004    50099100042.22591         50099100042.22591     
   1.6340958716326475E-004    50100734407.58199         50100734407.58199     
   1.6387315024567943E-004    50102134777.16220         50102134777.16220     
   1.6433671308191760E-004    50103286629.21572         50103286629.21572     
   1.6480027576492421E-004    50104239883.41763         50104239883.41763     
   1.6526383841335168E-004    50105013795.44098         50105013795.44098     
   1.6572740116390652E-004    50105611014.03666         50105611014.03666     
   1.6619096415667432E-004    50106024662.20157         50106024647.59351     
   1.6665452756938008E-004    50106252086.37955         50106252003.69614     
   1.6711809155534532E-004    50106295022.79251         50106294877.68638     
   1.6758165609643774E-004    50106154427.85925         50106154233.10287     
   1.6804522109455900E-004    50105842241.89778         50105842010.01973     
   1.6850878641688674E-004    50105368827.06312         50105368576.32092     
   1.6897235195233501E-004    50104744854.70424         50104744598.77330     
   1.6943591758784886E-004    50103978532.93254         50103978279.27391     
   1.6989948319495802E-004    50103079688.70442         50103079444.42440     
   1.7036304864350004E-004    50102032048.85519         50102031720.63669     
   1.7082661382540298E-004    50100791059.12490         50100790651.71015     
   1.7129017865992826E-004    50099384717.15816         50099384250.45472     
   1.7175374306469156E-004    50097843758.57017         50097843245.38520     
   1.7221730699814393E-004    50096196360.22946         50096195812.66679     
   1.7268087051698638E-004    50094461820.35983         50094461246.59954     
   1.7314443367741526E-004    50092667766.79028         50092667135.88776     
   1.7360799655359192E-004    50090843509.66809         50090842855.81026     
   1.7407155919476708E-004    50089032263.86975         50089031653.02733     
   1.7453512168404272E-004    50087309847.23711         50087264065.06207     
   1.7499868416639836E-004    50087589119.73952         50085550328.33573     
   1.7546224685482947E-004    50088062255.50721         50083876731.35500     
   1.7592580997017709E-004    50089024764.82383         50082257444.02655     
   1.7638937358984148E-004    50089958278.42905         50080705637.63660     
   1.7685293768455784E-004    50090816158.87268         50079228588.36382     
   1.7731650216837213E-004    50091589562.42377         50077834225.26105     
   1.7778006694107339E-004    50092282932.52161         50076525243.16465     
   1.7824363184219173E-004    50092943863.66156         50075312757.80270     
   1.7870719672307883E-004    50093497543.73644         50074125371.75547     
   1.7917076140961573E-004    50093863127.13245         50073081557.61966     
   1.7963432570133035E-004    50094092914.97585         50072151727.24155     
   1.8009788942050244E-004    50094343539.59023         50071329687.56190     
   1.8056145246225680E-004    50094467420.57731         50070583640.03694     
   1.8102501472482682E-004    50094432411.22764         50069906230.58021     
   1.8148857606024312E-004    50094193675.01707         50069314381.66779     
   1.8195213630876742E-004    50093832481.81248         50068821160.22421     
   1.8241569535685527E-004    50093562208.54267         50068439833.38754     
   1.8287925315399985E-004    50093182286.72836         50068181898.22699     
   1.8334280970086546E-004    50092685299.14339         50068048234.38751     
   1.8380636501851222E-004    50092068588.69654         50068043570.19705     
   1.8426991915514789E-004    50091341986.24018         50068179928.44359     
   1.8473347218339129E-004    50090522530.18907         50068455860.19455     
   1.8519702417665881E-004    50089811594.71930         50068886798.28986     
   1.8566057518479664E-004    50089251810.39904         50069513266.53583     
   1.8612412523807745E-004    50088907233.48778         50070329418.31133     
   1.8658767435956810E-004    50088646106.91380         50071309844.59924     
   1.8705122256376045E-004    50088323496.93307         50072407439.70671     
   1.8751476984316261E-004    50087949386.14873         50073604799.13584     
   1.8797831617810550E-004    50088437347.56403         50074884010.92312     
   1.8844186152398133E-004    50089016784.96863         50076226974.82999     
   1.8890540586597544E-004    50089572638.56709         50077612760.25414     
   1.8936894922639530E-004    50090101520.79519         50079030813.47897     
   1.8983249164287593E-004    50090617340.59368         50080431550.17384     
   1.9029603316283027E-004    50091157047.88474         50081756019.13596     
   1.9075957384075541E-004    50091647988.16036         50082999618.70171     
   1.9122311375272623E-004    50092081899.34922         50084177758.74178     
   1.9168665298767526E-004    50092453207.51514         50085281227.66117     
   1.9215019164323574E-004    50092758478.62138         50086286943.28896     
   1.9261372982239369E-004    50092996679.67536         50087172033.00594     
   1.9307726762973220E-004    50093169041.27635         50087924832.83887     
   1.9354080516793644E-004    50093277663.85484         50088536551.16563     
   1.9400434253640290E-004    50093322983.87321         50089002088.47118     
   1.9446787983384763E-004    50093306259.83912         50089318388.69088     
   1.9493141715702512E-004    50093229047.58849         50089482216.98527     
   1.9539495460026531E-004    50093091648.12064         50089487533.64571     
   1.9585849225743195E-004    50092893647.80070         50089391365.58213     
   1.9632203022303793E-004    50092636517.37296         50089205860.19925     
   1.9678556858930695E-004    50092321492.59859         50088932308.23331     
   1.9724910744654006E-004    50091961386.84549         50088573512.49723     
   1.9771264686506133E-004    50091555684.61338         50088133770.37022     
   1.9817618691600234E-004    50091024061.06039         50087617910.01276     
   1.9863972779576999E-004    50090396542.20088         50087031295.66645     
   1.9910326965395502E-004    50089723304.69082         50086380366.87611     
   1.9956681256188971E-004    50088965437.90231         50085672643.31625     
   2.0003035665160562E-004    50088137104.38447         50084914333.88571     
   2.0049390203305369E-004    50087249721.35777         50084110238.28814     
   2.0095744879838285E-004    50087028317.94803         50083264666.43748     
   2.0142099703341498E-004    50087484573.22123         50082381448.35466     
   2.0188454682682473E-004    50087843405.05119         50081463737.66070     
   2.0234809826896180E-004    50088176202.07798         50080515483.73376     
   2.0281165145018460E-004    50088745132.23611         50079525263.70618     
   2.0327520646472568E-004    50089290847.68903         50078477683.83398     
   2.0373876340187049E-004    50089798392.75924         50077383202.95062     
   2.0420232233927664E-004    50090559745.16863         50076251209.58804     
   2.0466588333455026E-004    50091353725.69758         50075090134.34003     
   2.0512944644197225E-004    50092013140.98815         50073909474.67352     
   2.0559301170928286E-004    50092517906.90051         50072714460.83290     
   2.0605657917616277E-004    50092891216.19004         50071507238.56924     
   2.0652014886594466E-004    50093135840.93244         50070311210.42973     
   2.0698372076730244E-004    50093301600.16837         50069136521.42688     
   2.0744729484434667E-004    50093405278.69873         50067975530.34727     
   2.0791087105038718E-004    50093407395.60831         50066837188.41289     
   2.0837444932642575E-004    50093353518.81399         50065730751.47695     
   2.0883802958303126E-004    50093526699.44940         50064664875.31408     
   2.0930161170953302E-004    50093675450.67400         50063646539.01925     
   2.0976519558893930E-004    50093770017.09669         50062681985.79144     
   2.1022878110938574E-004    50093782231.17434         50061775819.75111     
   2.1069236817220229E-004    50093706103.19512         50060930965.17722     
   2.1115595669407913E-004    50093737164.15480         50060149335.73891     
   2.1161954660859505E-004    50093747569.69140         50059408148.12163     
   2.1208313786285821E-004    50093694154.14777         50058718276.02577     
   2.1254673041833428E-004    50093585467.84464         50058081720.45196     
   2.1301032425035242E-004    50093425561.10453         50057501917.26662     
   2.1347391933723692E-004    50093222894.81479         50056985903.24467     
   2.1393751565837606E-004    50092982356.68641         50056534703.94555     
   2.1440111319055003E-004    50092704051.91843         50056148536.61536     
   2.1486471190055583E-004    50092496572.87737         50055829359.47062     
   2.1532831173702935E-004    50092244513.77408         50055578676.89839     
   2.1579191263005408E-004    50091960779.16637         50055394861.30412     
   2.1625551449179370E-004    50091715052.17120         50055294015.49693     
   2.1671911721600305E-004    50091582934.48906         50055286621.14359     
   2.1718272068995174E-004    50091507447.51019         50055363970.41061     
   2.1764632480584733E-004    50091394014.02859         50055516738.57035     
   2.1810992946372972E-004    50091231348.67373         50055740344.99825     
   2.1857353456980374E-004    50091047921.45800         50056027994.06680     
   2.1903714003578475E-004    50090975317.33867         50056366660.44523     
   2.1950074576879266E-004    50090864136.58205         50056746763.70382     
   2.1996435164018695E-004    50090705509.11177         50057160621.06390     
   2.2042795752451653E-004    50090488274.34498         50057596453.08933     
   2.2089156330602300E-004    50090215180.44577         50058047797.53548     
   2.2135516887520111E-004    50089887731.83811         50058511873.42632     
   2.2181877412976976E-004    50089504370.42974         50058991638.94373     
   2.2228237898885503E-004    50089071549.56475         50059492880.98797     
   2.2274598340498781E-004    50088595893.99002         50060013947.32100     
   2.2320958735136428E-004    50088084336.68976         50060557707.18562     
   2.2367319082059199E-004    50087697852.60357         50061113139.89153     
   2.2413679379371655E-004    50087332965.01093         50061664792.87125     
   2.2460039625401794E-004    50087057852.89934         50062211719.18983     
   2.2506399819967923E-004    50086754583.84304         50062749347.12884     
   2.2552759964016657E-004    50086416536.12199         50063254380.38552     
   2.2599120059137455E-004    50086040736.18784         50063731870.56661     
   2.2645480107035120E-004    50085911857.23191         50064189745.09716     
   2.2691840109212251E-004    50086272215.74739         50064626740.68309     
   2.2738200066352434E-004    50086728703.14447         50065038763.21427     
   2.2784559978677297E-004    50087147542.07993         50065422715.74924     
   2.2830919846930211E-004    50087532360.69492         50065776255.08614     
   2.2877279667735137E-004    50087953595.48440         50066097173.45356     
   2.2923639431400518E-004    50088339531.35641         50066385025.68961     
   2.2969999120226562E-004    50088659813.97626         50066665882.14773     
   2.3016358721746172E-004    50088915764.75941         50066950410.50224     
   2.3062718230212678E-004    50089103321.72309         50067229981.07693     
   2.3109077641378137E-004    50089236057.30689         50067500458.45247     
   2.3155436951655852E-004    50089435519.75170         50067758119.54697     
   2.3201796158854468E-004    50089585305.29397         50068033646.71463     
   2.3248155261958295E-004    50089689796.15282         50068368771.57238     
   2.3294514258877526E-004    50089742865.61239         50068718702.97707     
   2.3340873147288373E-004    50089775936.76059         50069043061.91574     
   2.3387231925687190E-004    50089860376.04898         50069338174.04359     
   2.3433590594943229E-004    50089905444.39295         50069580747.03764     
   2.3479949154757009E-004    50089917706.19738         50069748657.26617     
   2.3526307605153805E-004    50089910882.49844         50069845268.73396     
   2.3572665948653796E-004    50089882094.79851         50069899710.28185     
   2.3619024189073972E-004    50089802006.45799         50069920799.01345     
   2.3665382330438612E-004    50089662498.01798         50069909709.63679     
   2.3711740377589584E-004    50089459927.34002         50069869656.70330     
   2.3758098334319364E-004    50089307430.35228         50069803573.93786     
   2.3804456202007767E-004    50089107814.89861         50069709437.02633     
   2.3850813981070291E-004    50088869138.91231         50069594735.90297     
   2.3897171670607737E-004    50088597365.03242         50069467681.69040     
   2.3943529269276670E-004    50088597668.74615         50069335821.80146     
   2.3989886776392048E-004    50088999811.55573         50069205688.96495     
   2.4036244191829535E-004    50089319332.57519         50069080085.80535     
   2.4082601515727577E-004    50089568862.98362         50068958592.07472     
   2.4128958748902859E-004    50089753315.17560         50068843561.75031     
   2.4175315891329375E-004    50089876033.78027         50068765772.50996     
   2.4221672943506740E-004    50089938862.53650         50068731724.31721     
   2.4268029904883008E-004    50089951052.59279         50068741756.71648     
   2.4314386773403212E-004    50089938874.69418         50068782115.02306     
   2.4360743546332709E-004    50089883261.71254         50068845477.06634     
   2.4407100219794842E-004    50089770079.46646         50068934234.57653     
   2.4453456789417719E-004    50089614617.41267         50069052758.50948     
   2.4499813251000765E-004    50089427238.36575         50069195420.61071     
   2.4546169600440660E-004    50089225078.52196         50069373261.46722     
   2.4592525833971846E-004    50089014941.49195         50069592607.15881     
   2.4638881948849903E-004    50089179157.76167         50069855471.05863     
   2.4685237943291666E-004    50089661504.22347         50070163996.69505     
   2.4731593817099143E-004    50090079531.84042         50070520103.70043     
   2.4777949571575902E-004    50090437472.86410         50070927113.07011     
   2.4824305208271768E-004    50090736434.74197         50071383329.24027     
   2.4870660728127454E-004    50090973711.05903         50071887689.67535     
   2.4917016131957521E-004    50091147560.07980         50072439335.93462     
   2.4963371418831810E-004    50091259801.85686         50073039561.22513     
   2.5009726586080328E-004    50091316838.05213         50073681255.34036     
   2.5056081631822378E-004    50091318055.78201         50074326571.13773     
   2.5102436554502684E-004    50091766998.46441         50074985905.78056     
   2.5148791352818409E-004    50092424181.79058         50075665755.24477     
   2.5195146025730415E-004    50093076079.95284         50076371421.21777     
   2.5241500572521916E-004    50093684134.22833         50077107058.07537     
   2.5287854992771740E-004    50094240992.42612         50077875408.39759     
   2.5334209286460987E-004    50094738521.57137         50078677808.90488     
   2.5380563454132943E-004    50095170117.04524         50079513794.88619     
   2.5426917496931237E-004    50095536890.29644         50080400748.80541     
   2.5473271416530884E-004    50095840268.65429         50081351272.35180     
   2.5519625215112205E-004    50096084498.78754         50082361050.45846     
   2.5565978895359016E-004    50096281760.56934         50083426948.95175     
   2.5612332460449376E-004    50096479294.14868         50084539926.23217     
   2.5658685914111507E-004    50096647392.93324         50085689923.43442     
   2.5705039260384710E-004    50096858551.76128         50086866681.45573     
   2.5751392503533507E-004    50097289621.09999         50088060196.95505     
   2.5797745647774119E-004    50097767907.31374         50089261027.04191     
   2.5844098697272401E-004    50098304241.22969         50090461072.52454     
   2.5890451656170326E-004    50098855721.41460         50091653072.64323     
   2.5936804528678246E-004    50099378474.26622         50092830355.27498     
   2.5983157319158022E-004    50099870851.81075         50093992914.50466     
   2.6029510032264414E-004    50100333258.98935         50095138913.32663     
   2.6075862673075528E-004    50100762252.08143         50096254535.28854     
   2.6122215246885582E-004    50101154365.25939         50097329906.37475     
   2.6168567759260317E-004    50101507879.35001         50098364822.87047     
   2.6214920215974488E-004    50101823563.63119         50099350801.34037     
   2.6261272622780875E-004    50102114835.01693         50100284263.68882     
   2.6307624983518287E-004    50102376791.33811         50101174163.71612     
   2.6353977301928760E-004    50102610230.83111         50102020259.99599     
   2.6400329581865919E-004    50102829195.16115         50102815236.20071     
   2.6446681827644697E-004    50103556399.72923         50103556399.72923     
   2.6493034044192077E-004    50104230918.87846         50104230918.87846     
   2.6539386236982605E-004    50104835291.41798         50104835291.41798     
   2.6585738411819161E-004    50105367045.85158         50105366863.64152     
   2.6632090574768276E-004    50105823559.78591         50105823141.24873     
   2.6678442732879035E-004    50106202735.05600         50106202056.09787     
   2.6724794893395639E-004    50106503113.33209         50106502155.07159     
   2.6771147063376689E-004    50106723702.87148         50106722453.53473     
   2.6817499249370510E-004    50106864752.07951         50106863204.99976     
   2.6863851457535338E-004    50106928888.43237         50106927070.45388     
   2.6910203693415567E-004    50106915542.74852         50106913433.22047     
   2.6956555961823498E-004    50106759453.75229         50106757279.88887     
   2.7002908267526174E-004    50106547639.03725         50106545198.76237     
   2.7049260615456919E-004    50106274470.79535         50106271953.01080     
   2.7095613010770243E-004    50105944856.89808         50105942411.65770     
   2.7141965458624974E-004    50105564169.42590         50105561840.41881     
   2.7188317964142164E-004    50105136485.16107         50105134245.30242     
   2.7234670532519720E-004    50104668158.07843         50104666064.89510     
   2.7281023169143975E-004    50104163947.50333         50104162041.46545     
   2.7327375885553655E-004    50103628615.22012         50103626926.84586     
   2.7373728690474435E-004    50103066524.25685         50103065065.34715     
   2.7420081586146362E-004    50102480565.08844         50102479349.36054     
   2.7466434578822730E-004    50101874081.18025         50101873121.74374     
   2.7512787674142047E-004    50101250549.44941         50101249855.41919     
   2.7559140876848222E-004    50100614142.86946         50100613696.25678     
   2.7605494190805402E-004    50099964943.39599         50099964710.29830     
   2.7651847618604086E-004    50099295122.80774         50099295080.88416     
   2.7698201162801311E-004    50098605992.33331         50098605992.33331     
   2.7744554825114904E-004    50097903169.27871         50097903169.27871     
   2.7790908606747445E-004    50097330298.24503         50097192569.88044     
   2.7837262508414578E-004    50096965363.94520         50096478649.50621     
   2.7883616530268021E-004    50096548332.33556         50095764712.68411     
   2.7929970672011293E-004    50096082750.43848         50095057756.12292     
   2.7976324932916434E-004    50095579252.80748         50094362485.79007     
   2.8022679311904658E-004    50095336144.18666         50093680990.78020     
   2.8069033807685590E-004    50095157386.90060         50093015119.80051     
   2.8115388418769227E-004    50095091626.57838         50092363887.21344     
   2.8161743143354943E-004    50095036949.37907         50091726546.45525     
   2.8208097979727943E-004    50094970185.74775         50091102471.83350     
   2.8254452926500500E-004    50095048032.39948         50090489372.59724     
   2.8300807982332548E-004    50095228299.22411         50089884531.05488     
   2.8347163145950961E-004    50095363865.69418         50089286613.04099     
   2.8393518415747987E-004    50095479643.89133         50088695409.88754     
   2.8439873789648171E-004    50095560028.68200         50088111917.09641     
   2.8486229265151509E-004    50095680940.52441         50087537767.50307     
   2.8532584839231127E-004    50096087784.37717         50086973905.95670     
   2.8578940508405126E-004    50096437087.83922         50086421958.45615     
   2.8625296268582214E-004    50096711946.43222         50085882506.00466     
   2.8671652115454135E-004    50096912034.97404         50085357266.36178     
   2.8718008044602170E-004    50097043292.11635         50084847799.15880     
   2.8764364051343268E-004    50097111820.79992         50084355499.50752     
   2.8810720130128457E-004    50097149226.27280         50083881952.64351     
   2.8857076275533414E-004    50097246528.75729         50083428713.69063     
   2.8903432483383038E-004    50097259927.94893         50082994031.84864     
   2.8949788749742494E-004    50097191423.78092         50082578242.11077     
   2.8996145069804208E-004    50097090232.22934         50082181878.35124     
   2.9042501438177607E-004    50097011618.93330         50081803948.88474     
   2.9088857850101982E-004    50096907045.57381         50081442958.25956     
   2.9135214301373219E-004    50096774599.36611         50081096835.86607     
   2.9181570788043256E-004    50096615603.22826         50080763965.60279     
   2.9227927306314609E-004    50096431577.43572         50080444213.04615     
   2.9274283852535177E-004    50096224350.87474         50080138711.40494     
   2.9320640423161906E-004    50095995314.23578         50079846474.04604     
   2.9366997014018123E-004    50095746052.44841         50079567224.48563     
   2.9413353620365518E-004    50095482638.76086         50079300052.68651     
   2.9459710237811365E-004    50095209200.80354         50079045751.21291     
   2.9506066862469704E-004    50095076885.91492         50078804487.48004     
   2.9552423492442933E-004    50095048336.92446         50078575638.93559     
   2.9598780126816775E-004    50095016451.47406         50078357783.98114     
   2.9645136764667475E-004    50094945744.21288         50078150178.52982     
   2.9691493405183844E-004    50094847269.36182         50077952602.23590     
   2.9737850048320067E-004    50094722129.84056         50077764695.54288     
   2.9784206694500904E-004    50094565410.57303         50077586457.33250     
   2.9830563344218408E-004    50094377293.43073         50077414984.56976     
   2.9876919997895646E-004    50094167807.96529         50077245226.22501     
   2.9923276655755373E-004    50093945395.64934         50077076796.74979     
   2.9969633317795453E-004    50093840984.33530         50076909182.69199     
   3.0015989983626755E-004    50093867183.03145         50076741738.95572     
   3.0062346652319152E-004    50093879917.61530         50076573664.26096     
   3.0108703323565057E-004    50093887991.36566         50076404135.00143     
   3.0155059996781792E-004    50094217125.92673         50076232342.98316     
   3.0201416669532592E-004    50094500650.06224         50076057532.07278     
   3.0247773338868057E-004    50094826211.45646         50075878852.80879     
   3.0294130001966518E-004    50095109528.31044         50075695497.65779     
   3.0340486656279159E-004    50095276691.28788         50075506939.25924     
   3.0386843299631995E-004    50095368029.81236         50075312753.22828     
   3.0433199929908231E-004    50095546160.42124         50075113177.29835     
   3.0479556544906513E-004    50095682039.81091         50074909228.69891     
   3.0525913142720636E-004    50095773438.67498         50074700883.31618     
   3.0572269720936443E-004    50095884353.36988         50074490327.20132     
   3.0618626276551493E-004    50096007601.53587         50074281008.39378     
   3.0664982806601196E-004    50096271982.31345         50074079668.40926     
   3.0711339308498782E-004    50096671738.00562         50073926236.81345     
   3.0757695779780276E-004    50097008215.37582         50073808506.15861     
   3.0804052217786121E-004    50097279019.02328         50073707712.22942     
   3.0850408613287137E-004    50097479377.64091         50073626996.96246     
   3.0896764959545945E-004    50097745222.31035         50073570841.01488     
   3.0943121254860994E-004    50097965087.03913         50073534255.42227     
   3.0989477498597861E-004    50098139768.45456         50073510028.37892     
   3.1035833690009105E-004    50098271591.31226         50073501980.98254     
   3.1082189828872679E-004    50098379889.10767         50073514815.77012     
   3.1128545915078988E-004    50098452129.41387         50073545028.89561     
   3.1174901948201182E-004    50098507709.54045         50073591975.27151     
   3.1221257926278712E-004    50098577723.42270         50073654638.11319     
   3.1267613847533435E-004    50098643788.62379         50073731379.68301     
   3.1313969711552669E-004    50098740076.32239         50073820873.48592     
   3.1360325518651702E-004    50098924816.82239         50073921947.16093     
   3.1406681268599776E-004    50099063190.47314         50074033339.91225     
   3.1453036959892648E-004    50099168959.26105         50074154834.21101     
   3.1499392591055001E-004    50099239952.49876         50074286461.27098     
   3.1545748161234278E-004    50099250760.23375         50074428004.07865     
   3.1592103670016058E-004    50099193567.29958         50074578029.43949     
   3.1638459117025225E-004    50099072401.02101         50074736619.04990     
   3.1684814501848203E-004    50098888835.25134         50074904061.26168     
   3.1731169824071224E-004    50098644767.25723         50075080362.80337     
   3.1777525083550841E-004    50098407785.30979         50075266042.57901     
   3.1823880280385815E-004    50098233748.05045         50075461925.89629     
   3.1870235415118963E-004    50098037212.87865         50075669890.84192     
   3.1916590488566238E-004    50097807654.94337         50075891947.35632     
   3.1962945502395351E-004    50097536920.42945         50076128429.54111     
   3.2009300458912246E-004    50097225533.78925         50076380922.37214     
   3.2055655360859603E-004    50096875427.86552         50076655139.28476     
   3.2102010211234558E-004    50096489593.66736         50076952988.67792     
   3.2148365012880009E-004    50096130920.73911         50077275737.08987     
   3.2194719768019106E-004    50095749418.27400         50077616513.88078     
   3.2241074478057312E-004    50095343704.51405         50077971822.43297     
   3.2287429143975353E-004    50094916045.21040         50078344485.00781     
   3.2333783765825785E-004    50094466217.66319         50078736458.52190     
   3.2380138343457464E-004    50093994698.76028         50079147809.93704     
   3.2426492876090141E-004    50093500214.59219         50079578150.73333     
   3.2472847362429396E-004    50092987796.10159         50080027146.76385     
   3.2519201800931081E-004    50092554647.94291         50080494674.19165     
   3.2565556189900584E-004    50092124986.45747         50080980162.15162     
   3.2611910527564864E-004    50092038828.62908         50081482764.76466     
   3.2658264812205766E-004    50092048463.27544         50082001653.33394     
   3.2704619042307401E-004    50092033794.88631         50082537080.17004     
   3.2750973216335688E-004    50092292846.33309         50083099663.32709     
   3.2797327333410444E-004    50092673613.87769         50083689803.69713     
   3.2843681393591155E-004    50093047538.53822         50084304981.48965     
   3.2890035397639380E-004    50093416163.50276         50084942790.50723     
   3.2936389346894260E-004    50093769350.88654         50085600791.73081     
   3.2982743242697670E-004    50094099573.02581         50086276347.58323     
   3.3029097086517093E-004    50094405912.46310         50086966669.59079     
   3.3075450879651181E-004    50094691280.97084         50087668787.30430     
   3.3121804622789053E-004    50094954090.65485         50088379683.90174     
   3.3168158315898471E-004    50095192122.10867         50089096341.06396     
   3.3214511958364561E-004    50095413659.50309         50089815703.19818     
   3.3260865549755378E-004    50095601663.20133         50090535142.38516     
   3.3307219090053638E-004    50095758884.46438         50091252303.81226     
   3.3353572579366978E-004    50095891329.09995         50091964812.53056     
   3.3399926018015685E-004    50096019348.89944         50092670227.82995     
   3.3446279406587138E-004    50096161414.33720         50093365960.84315     
   3.3492632746657608E-004    50096399122.15910         50094049488.11716     
   3.3538986041331065E-004    50096625940.19737         50094718481.17610     
   3.3585339293974769E-004    50096899830.76182         50095370886.42213     
   3.3631692507469482E-004    50097206564.51707         50096005037.84734     
   3.3678045684528812E-004    50097514145.81602         50096619655.09007     
   3.3724398827825267E-004    50097869976.89586         50097213576.42265     
   3.3770751939806468E-004    50098231376.95382         50097794728.63106     
   3.3817105022468179E-004    50098658568.77447         50098364370.70290     
   3.3863458077442680E-004    50099095648.04683         50098919370.48328     
   3.3909811105989319E-004    50099516037.08936         50099459955.59536     
   3.3956164108685997E-004    50099982637.31011         50099982637.31011     
   3.4002517086107750E-004    50100488821.39999         50100488821.39999     
   3.4048870038807231E-004    50100978265.31262         50100978265.31262     
   3.4095222967297817E-004    50101449851.65514         50101449851.65514     
   3.4141575872531665E-004    50101904014.18558         50101904014.18558     
   3.4187928755903204E-004    50102340494.87992         50102340494.87992     
   3.4234281619093925E-004    50102758303.91184         50102758303.91184     
   3.4280634463832761E-004    50103156103.09732         50103156103.09732     
   3.4326987292605446E-004    50103535388.73440         50103534783.44578     
   3.4373340109156343E-004    50103896289.91753         50103895096.03825     
   3.4419692918175162E-004    50104239840.58025         50104238060.88269     
   3.4466045725099428E-004    50104567557.98111         50104565266.54430     
   3.4512398536643788E-004    50104879383.54387         50104876648.75368     
   3.4558751358427229E-004    50105146768.08730         50105143613.44508     
   3.4605104193229168E-004    50105402593.69146         50105399535.63737     
   3.4651457040936912E-004    50105648131.15034         50105645377.55038     
   3.4697809900860650E-004    50105867243.36034         50105865090.09212     
   3.4744162772981771E-004    50106057047.79062         50106055715.74661     
   3.4790515656864073E-004    50106215047.85065         50106214114.06628     
   3.4836868551759749E-004    50106334624.02222         50106334092.66992     
   3.4883221457154622E-004    50106415686.95458         50106415641.33469     
   3.4929574372592629E-004    50106461145.28268         50106461145.28268     
   3.4975927297477028E-004    50106471693.75175         50106471693.75175     
   3.5022280231014754E-004    50106448180.36585         50106448180.36585     
   3.5068633172199732E-004    50106391213.00385         50106391213.00385     
   3.5114986119839578E-004    50106302841.80437         50106302841.80437     
   3.5161339072378560E-004    50106182602.83046         50106182602.83046     
   3.5207692028429153E-004    50106029944.91844         50106029944.91844     
   3.5254044987128252E-004    50105847143.47239         50105847143.47239     
   3.5300397947947095E-004    50105646764.76444         50105646764.76444     
   3.5346750911327540E-004    50105428642.05929         50105428642.05929     
   3.5393103878207503E-004    50105191932.35795         50105191829.32599     
   3.5439456849938327E-004    50104936399.69960         50104935794.43362     
   3.5485809827720679E-004    50104661235.83327         50104660197.00549     
   3.5532162812390572E-004    50104366250.91061         50104364852.45668     
   3.5578515805047777E-004    50104051447.22563         50104049800.65159     
   3.5624868807327857E-004    50103716897.65178         50103715105.90588     
   3.5671221821081370E-004    50103360896.35954         50103358989.45794     
   3.5717574848368518E-004    50102980903.15598         50102979139.18295     
   3.5763927891497438E-004    50102579003.00372         50102577376.46198     
   3.5810280952902764E-004    50102158135.36018         50102156549.16714     
   3.5856634036207175E-004    50101720177.41537         50101718697.71503     
   3.5902987152555547E-004    50101265795.27881         50101264438.55564     
   3.5949340301720669E-004    50100796074.83481         50100794816.27419     
   3.5995693487264770E-004    50100312306.10635         50100311057.96197     
   3.6042046713876573E-004    50099816124.19810         50099814688.29829     
   3.6088399986086185E-004    50099309005.10102         50099307321.68140     
   3.6134753308258088E-004    50098790563.90230         50098788250.18627     
   3.6181106684675222E-004    50098255079.75911         50098252258.77417     
   3.6227460119621363E-004    50097706029.77921         50097702896.31399     
   3.6273813617266237E-004    50097147232.85838         50097144028.31969     
   3.6320167181577625E-004    50096582806.67385         50096579926.06787     
   3.6366520816716780E-004    50096014865.93217         50096012338.89078     
   3.6412874526859382E-004    50095444955.63022         50095442810.89291     
   3.6459228316003319E-004    50094874615.71548         50094872865.97045     
   3.6505582188432756E-004    50094305317.92267         50094303979.67789     
   3.6551936148127766E-004    50093933276.49073         50093737373.99401     
   3.6598290198504259E-004    50093627252.34984         50093174196.92738     
   3.6644644342345272E-004    50093332726.84134         50092613871.06942     
   3.6690998581906696E-004    50093387757.72275         50092056044.99275     
   3.6737352918508767E-004    50093510373.63489         50091500979.78661     
   3.6783707353174957E-004    50093608856.70430         50090948884.17732     
   3.6830061886358078E-004    50093683543.47768         50090399196.86914     
   3.6876416517889817E-004    50093735872.21645         50089851121.67495     
   3.6922771247211247E-004    50093827170.96122         50089303790.63438     
   3.6969126073841676E-004    50093950475.57449         50088755834.48513     
   3.7015480997336353E-004    50094058529.16904         50088206065.44022     
   3.7061836016823440E-004    50094259716.51584         50087652999.39137     
   3.7108191130954247E-004    50094478734.93767         50087095031.39573     
   3.7154546337555796E-004    50094672975.29603         50086530706.36556     
   3.7200901633566716E-004    50094841255.98373         50085958738.08015     
   3.7247257015589119E-004    50094982754.82679         50085378126.16090     
   3.7293612482452928E-004    50095096578.46998         50084787907.29803     
   3.7339968033833391E-004    50095183911.11883         50084186699.94074     
   3.7386323669729051E-004    50095246986.87232         50083573190.46017     
   3.7432679389922264E-004    50095337968.95528         50082945355.33070     
   3.7479035194356452E-004    50095431843.67243         50082299781.78164     
   3.7525391082995452E-004    50095504275.22552         50081637493.81464     
   3.7571747055801993E-004    50095554585.07787         50080962284.69743     
   3.7618103112773159E-004    50095580975.32736         50080277467.12325     
   3.7664459254089979E-004    50095583863.48293         50079584875.85101     
   3.7710815479908373E-004    50095563644.57804         50078885481.86430     
   3.7757171790103944E-004    50095521601.28651         50078180198.78908     
   3.7803528183700142E-004    50095458469.48672         50077469640.72459     
   3.7849884659226440E-004    50095421147.85178         50076754706.61268     
   3.7896241215545126E-004    50095393277.43559         50076036536.54762     
   3.7942597851369251E-004    50095348267.61750         50075316421.15256     
   3.7988954565311363E-004    50095286677.40800         50074595686.71268     
   3.8035311355791881E-004    50095210201.80666         50073875654.99009     
   3.8081668220475354E-004    50095117177.12158         50073157897.50890     
   3.8128025157633936E-004    50095008040.85890         50072444101.18822     
   3.8174382165873414E-004    50094882457.38135         50071735975.04245     
   3.8220739243702859E-004    50094745761.18198         50071035220.69993     
   3.8267096389502515E-004    50094644082.36831         50070344392.05231     
   3.8313453601637092E-004    50094529317.50010         50069665317.08032     
   3.8359810878364216E-004    50094400310.05016         50068999582.02756     
   3.8406168217666297E-004    50094257136.72218         50068348432.11015     
   3.8452525617312517E-004    50094098927.01624         50067711503.80420     
   3.8498883074993847E-004    50093928200.81716         50067089402.18649     
   3.8545240588305969E-004    50094223576.91036         50066482873.71091     
   3.8591598154701692E-004    50094593515.95279         50065889150.44341     
   3.8637955771432525E-004    50094932497.78654         50065316413.92211     
   3.8684313435362832E-004    50095240214.25072         50064767964.33871     
   3.8730671143081624E-004    50095552873.57865         50064246388.15518     
   3.8777028890898745E-004    50095858092.79349         50063754315.60030     
   3.8823386674937137E-004    50096165508.63571         50063294412.98872     
   3.8869744491105843E-004    50096447361.34179         50062867976.78416     
   3.8916102335245317E-004    50096704234.79621         50062469500.39197     
   3.8962460202978202E-004    50096931200.99526         50062104566.38474     
   3.9008818089710315E-004    50097120826.98100         50061774134.39144     
   3.9055175991855039E-004    50097267419.03119         50061478575.18267     
   3.9101533906135840E-004    50097366810.27663         50061219381.03645     
   3.9147891828781423E-004    50097416346.26897         50060997711.28864     
   3.9194249755711611E-004    50097439169.37278         50060814615.12975     
   3.9240607683193072E-004    50097418621.01960         50060671241.43517     
   3.9286965607558265E-004    50097372887.19759         50060568793.97724     
   3.9333323524829155E-004    50097358861.71635         50060504128.23318     
   3.9379681430499249E-004    50097323150.77276         50060469787.74548     
   3.9426039320110135E-004    50097263973.21952         50060466000.81505     
   3.9472397189166592E-004    50097182191.06776         50060493286.31007     
   3.9518755033084586E-004    50097076891.32965         50060552221.92263     
   3.9565112847226696E-004    50096961496.54678         50060643193.26250     
   3.9611470627030264E-004    50096855397.92692         50060766435.73111     
   3.9657828368469062E-004    50096747896.13051         50060942529.57887     
   3.9704186067931487E-004    50096624915.39639         50061186039.10035     
   3.9750543721985503E-004    50096486376.84471         50061480458.00527     
   3.9796901324211522E-004    50096332908.65408         50061809811.57749     
   3.9843258862734863E-004    50096165206.12144         50062173591.15412     
   3.9889616328918061E-004    50095983182.17998         50062571666.70936     
   3.9935973719421296E-004    50095788073.47050         50063003146.95495     
   3.9982331031167452E-004    50095580854.73331         50063466258.96008     
   4.0028688260898473E-004    50095362397.79787         50063965871.41570     
   4.0075045405968011E-004    50095132907.90128         50064502201.50674     
   4.0121402464394080E-004    50094893569.65921         50065080562.47295     
   4.0167759435084379E-004    50094645505.42924         50065702367.42519     
   4.0214116316329007E-004    50094389596.30537         50066361159.39413     
   4.0260473105576468E-004    50094126556.87288         50067052583.52057     
   4.0306829800698728E-004    50093856857.63219         50067773427.31261     
   4.0353186400249650E-004    50093580319.00859         50068520534.03172     
   4.0399542903316678E-004    50093296544.56487         50069291619.87894     
   4.0445899309226100E-004    50093005155.37256         50070084618.83638     
   4.0492255617842428E-004    50092705747.39135         50070899798.12957     
   4.0538611828741967E-004    50092398871.08442         50071736842.86202     
   4.0584967941047250E-004    50092118905.74837         50072589787.85998     
   4.0631323952700462E-004    50091835094.90999         50073453444.60797     
   4.0677679861554617E-004    50091544396.99520         50074321929.04401     
   4.0724035666796010E-004    50091243992.21545         50075194177.26206     
   4.0770391368205740E-004    50090934688.32807         50076069212.09973     
   4.0816746966119548E-004    50090625484.26900         50076945635.18939     
   4.0863102461377267E-004    50090327248.75629         50077821790.63486     
   4.0909457855285258E-004    50090019229.30077         50078698363.28800     
   4.0955813149045283E-004    50089700494.62292         50079575131.39952     
   4.1002168343769169E-004    50089370149.62357         50080444881.52330     
   4.1048523440123593E-004    50089027365.35024         50081306484.77787     
   4.1094878438390777E-004    50088671029.90163         50082159614.49169     
   4.1141233338624368E-004    50088300832.37077         50083003519.34214     
   4.1187588140773626E-004    50087916909.29292         50083837983.99430     
   4.1233942844891796E-004    50087738704.78985         50084664055.11924     
   4.1280297450991930E-004    50088366317.34370         50085480376.12811     
   4.1326651959382545E-004    50088989098.32362         50086286550.64141     
   4.1373006370484279E-004    50089605337.80617         50087084244.25432     
   4.1419360684875737E-004    50090212364.73869         50087874951.03894     
   4.1465714903418573E-004    50090808946.77763         50088660923.88000     
   4.1512069027400315E-004    50091394658.15908         50089445873.25771     
   4.1558423058125129E-004    50091966077.39928         50090228341.30753     
   4.1604776997282580E-004    50092532695.47166         50091010490.70653     
   4.1651130847247976E-004    50093085425.62814         50091793385.36480     
   4.1697484610998456E-004    50093616344.38519         50092577497.37655     
   4.1743838291936441E-004    50094125200.48135         50093362879.49351     
   4.1790191893494841E-004    50094852701.58993         50094149148.58150     
   4.1836545419135236E-004    50095646384.42959         50094935474.60368     
   4.1882898872280816E-004    50096412824.01525         50095722463.23661     
   4.1929252256944245E-004    50097151848.03888         50096510614.30476     
   4.1975605576297651E-004    50097866596.63746         50097298373.35268     
   4.2021958833007568E-004    50098561109.48256         50098082744.20323     
   4.2068312029418649E-004    50099231254.80812         50098859819.60953     
   4.2114665167785286E-004    50099877300.46173         50099623423.75944     
   4.2161018250671888E-004    50100497893.09756         50100368992.74038     
   4.2207371280778808E-004    50101096090.21741         50101095990.40585     
   4.2253724260476051E-004    50101804270.06067         50101804270.06067     
   4.2300077191999010E-004    50102497563.52032         50102497563.52032     
   4.2346430077543903E-004    50103179212.88923         50103179212.88923     
   4.2392782919024370E-004    50103845072.66384         50103845072.66384     
   4.2439135717964359E-004    50104491903.04696         50104491903.04696     
   4.2485488475878659E-004    50105116203.10098         50105116203.10098     
   4.2531841194249628E-004    50105713898.14097         50105713898.14097     
   4.2578193874606951E-004    50106282594.00569         50106282594.00569     
   4.2624546518539033E-004    50106820321.19884         50106820321.19884     
   4.2670899127798931E-004    50107325199.94371         50107325199.94371     
   4.2717251704365834E-004    50107795514.42156         50107795491.05367     
   4.2763604250455197E-004    50108230431.66792         50108229923.33337     
   4.2809956768459642E-004    50108628285.98570         50108627276.36528     
   4.2856309261112246E-004    50108987258.84216         50108985887.75854     
   4.2902661731372872E-004    50109306922.95334         50109305230.12834     
   4.2949014182338852E-004    50109587376.23425         50109585524.12557     
   4.2995366617143129E-004    50109828285.55263         50109826547.63774     
   4.3041719038898355E-004    50110028364.87234         50110027066.93472     
   4.3088071450619409E-004    50110187911.11252         50110187124.40496     
   4.3134423855176087E-004    50110315648.06248         50110314811.80830     
   4.3180776255254908E-004    50110419008.66319         50110418209.08868     
   4.3227128653353265E-004    50110498348.97453         50110497637.29462     
   4.3273481051655659E-004    50110549390.32926         50110548810.82817     
   4.3319833450896283E-004    50110572580.31908         50110572222.33759     
   4.3366185851286139E-004    50110570552.81749         50110570552.81749     
   4.3412538253248870E-004    50110543064.94848         50110543064.94848     
   4.3458890657659349E-004    50110488806.51328         50110488806.51328     
   4.3505243065328577E-004    50110407116.08471         50110407116.08471     
   4.3551595476667645E-004    50110297767.84724         50110297767.84724     
   4.3597947891443434E-004    50110160507.38396         50110160507.38396     
   4.3644300309456547E-004    50109988344.53568         50109988344.53568     
   4.3690652730709435E-004    50109778996.77542         50109778934.82269     
   4.3737005155459829E-004    50109534772.83261         50109534465.83877     
   4.3783357584924925E-004    50109258045.81506         50109257567.89205     
   4.3829710020173567E-004    50108953028.98314         50108952515.85726     
   4.3876062461633609E-004    50108622607.72139         50108622127.19211     
   4.3922414909566360E-004    50108268957.11899         50108268574.93779     
   4.3968767364634131E-004    50107894245.45646         50107894020.30589     
   4.4015119827951478E-004    50107500582.72867         50107500561.78586     
   4.4061472301277994E-004    50107090237.95077         50107090237.95077     
   4.4107824786731589E-004    50106661263.57435         50106661263.57435     
   4.4154177286738559E-004    50106174239.87859         50106174239.87859     
   4.4200529803989326E-004    50105676812.64978         50105676812.64978     
   4.4246882341359946E-004    50105252142.17168         50105181230.23078     
   4.4293234901902467E-004    50104796016.03277         50104672243.37746     
   4.4339587490519855E-004    50104309443.65639         50104150770.59978     
   4.4385940120273153E-004    50103855106.91264         50103615112.15878     
   4.4432292791274228E-004    50103402021.61428         50103064905.20058     
   4.4478645510072595E-004    50102915506.82163         50102503737.74641     
   4.4524998283261813E-004    50102400404.15936         50101933958.42091     
   4.4571351116435513E-004    50101859076.50758         50101355163.54575     
   4.4617704014633398E-004    50101293428.03139         50100768225.72423     
   4.4664056982182806E-004    50100704905.61557         50100172508.76801     
   4.4710410022938179E-004    50100097249.91764         50099568613.31202     
   4.4756763140271273E-004    50099470074.00817         50098957488.45454     
   4.4803116336977658E-004    50098821161.75558         50098339891.24921     
   4.4849469615396403E-004    50098153215.05620         50097716005.99462     
   4.4895822977357235E-004    50097474586.68253         50097086142.78118     
   4.4942176424202088E-004    50096808700.77122         50096449581.56849     
   4.4988529956907969E-004    50096128349.32201         50095804100.42091     
   4.5034883576403577E-004    50095441139.97370         50095148558.79025     
   4.5081237283550328E-004    50094746612.29804         50094483077.72825     
   4.5127591079186039E-004    50094044047.86187         50093808219.32993     
   4.5173944964135545E-004    50093350163.77956         50093124539.37378     
   4.5220298939206363E-004    50092669979.50217         50092432525.04447     
   4.5266653005176789E-004    50091985816.90630         50091732590.78444     
   4.5313007162719408E-004    50091296914.49255         50091025106.51694     
   4.5359361412369647E-004    50090600455.04664         50090310452.13395     
   4.5405715754629210E-004    50089894719.87598         50089589067.08479     
   4.5452070189819476E-004    50089178945.38432         50088861641.79113     
   4.5498424718096571E-004    50088466923.11535         50088129182.99734     
   4.5544779339480812E-004    50087755719.50755         50087391390.58212     
   4.5591134053811922E-004    50087036665.35269         50086648458.49219     
   4.5637488860649422E-004    50086312046.65920         50085901010.69118     
   4.5683843759255203E-004    50085582643.41570         50085149384.34771     
   4.5730198748733227E-004    50084843677.47911         50084394452.96218     
   4.5776553828227434E-004    50084156149.37877         50083637480.00037     
   4.5822908997652975E-004    50083555404.78978         50082879184.07449     
   4.5869264257625768E-004    50082950759.97251         50082120089.47760     
   4.5915619608838783E-004    50082341122.64298         50081360617.72961     
   4.5961975051881900E-004    50081729543.18450         50080601021.34171     
   4.6008330587289577E-004    50081136356.27791         50079841417.61421     
   4.6054686216071797E-004    50080730034.95592         50079082100.24312     
   4.6101041939374562E-004    50080311497.70815         50078323143.33466     
   4.6147397758168808E-004    50079978776.21879         50077564477.68204     
   4.6193753673192815E-004    50079880704.74836         50076805968.09839     
   4.6240109684764788E-004    50079764524.45576         50076047568.20586     
   4.6286465792823669E-004    50079615609.94798         50075289334.34549     
   4.6332821997012024E-004    50079439009.10563         50074531132.11839     
   4.6379178296958225E-004    50079339827.59352         50073773029.11295     
   4.6425534692160072E-004    50079236800.59713         50073015127.14522     
   4.6471891181965844E-004    50079233978.33995         50072257503.46270     
   4.6518247765714313E-004    50079247860.46854         50071500463.25012     
   4.6564604442657506E-004    50079266707.49628         50070744332.84334     
   4.6610961212055675E-004    50079255794.55735         50069989065.17213     
   4.6657318073385087E-004    50079212269.81660         50069235423.73302     
   4.6703675026262790E-004    50079146728.43701         50068484907.68406     
   4.6750032070666097E-004    50079072289.92689         50067738621.02592     
   4.6796389206830362E-004    50078990176.08276         50066997541.01876     
   4.6842746434922855E-004    50078899584.93190         50066262526.28374     
   4.6889103754904876E-004    50078866783.42004         50065534152.54656     
   4.6935461166409975E-004    50078893460.46043         50064812797.98743     
   4.6981818668622940E-004    50078935594.38210         50064099044.33922     
   4.7028176260705099E-004    50078955886.69552         50063393630.15431     
   4.7074533941772077E-004    50078953257.56464         50062697780.36632     
   4.7120891710802340E-004    50078927859.59334         50062012901.93637     
   4.7167249566620314E-004    50078885477.09157         50061340504.23943     
   4.7213607508000131E-004    50078827968.33257         50060681977.29456     
   4.7259965533597850E-004    50078932775.71300         50060038642.77690     
   4.7306323641828021E-004    50079063748.90403         50059411869.74056     
   4.7352681830831428E-004    50079177747.12468         50058803576.80842     
   4.7399040098391039E-004    50079282439.77498         50058215625.32310     
   4.7445398442060271E-004    50079389579.46969         50057649811.73051     
   4.7491756859315741E-004    50079478175.13617         50057107780.89422     
   4.7538115347367347E-004    50079554148.66560         50056590963.56301     
   4.7584473903236754E-004    50079665669.85394         50056100529.64579     
   4.7630832523908972E-004    50079762562.00264         50055637630.61066     
   4.7677191206336431E-004    50079845293.75441         50055203242.15567     
   4.7723549947280573E-004    50079913308.74767         50054797547.94797     
   4.7769908743782260E-004    50079971192.05526         50054420439.12719     
   4.7816267593418321E-004    50080087173.18696         50054071387.94392     
   4.7862626494130507E-004    50080205659.85635         50053746929.96859     
   4.7908985443972365E-004    50080314538.46566         50053444876.52149     
   4.7955344441057124E-004    50080426355.85925         50053164162.91269     
   4.8001703483541337E-004    50080528568.46045         50052904406.35658     
   4.8048062569677958E-004    50080617504.57616         50052664598.28374     
   4.8094421697850089E-004    50080691806.95873         50052444618.79478     
   4.8140780866490218E-004    50080751137.36868         50052244298.64364     
   4.8187140074088680E-004    50080805146.49031         50052063489.50153     
   4.8233499319343879E-004    50080922714.62646         50051902165.18036     
   4.8279858601116662E-004    50081073227.01566         50051760517.56046     
   4.8326217918353670E-004    50081210469.11068         50051638211.48446     
   4.8372577270010280E-004    50081342436.96439         50051534901.25710     
   4.8418936654996925E-004    50081462585.38060         50051450237.11738     
   4.8465296072211581E-004    50081570275.99513         50051383801.84417     
   4.8511655521257666E-004    50081660775.86731         50051335377.50244     
   4.8558015002235396E-004    50081729646.45057         50051304745.75567     
   4.8604374514737769E-004    50081804716.15284         50051290255.29537     
   4.8650734058284481E-004    50081884467.91723         50051288826.59010     
   4.8697093632512500E-004    50081948009.85320         50051301978.98170     
   4.8743453237014251E-004    50081986680.43121         50051336238.49844     
   4.8789812870831236E-004    50081996248.42522         50051390094.75723     
   4.8836172532589319E-004    50081974251.44584         50051461632.58296     
   4.8882532221020819E-004    50081925214.31824         50051549604.21828     
   4.8928891934561488E-004    50081851648.99635         50051652960.04185     
   4.8975251671436713E-004    50081757262.14822         50051770521.44011     
   4.9021611429840377E-004    50081656385.09124         50051900868.33807     
   4.9067971207996525E-004    50081581716.32568         50052042350.02036     
   4.9114331004136800E-004    50081503116.20775         50052193226.31126     
   4.9160690816501347E-004    50081477302.37559         50052350958.34708     
   4.9207050643326950E-004    50081440673.07471         50052513623.54420     
   4.9253410482869226E-004    50081386366.71577         50052681058.34080     
   4.9299770333533378E-004    50081317960.12305         50052850925.01357     
   4.9346130193769809E-004    50081238951.22668         50053017990.97963     
   4.9392490062259329E-004    50081149353.58727         50053179599.40084     
   4.9438849937854471E-004    50081053032.74692         50053336620.26020     
   4.9485209819488251E-004    50080952147.33954         50053492579.22609     
   4.9531569706143946E-004    50080847039.65772         50053649106.87073     
   4.9577929596825100E-004    50080736951.74243         50053806373.23151     
   4.9624289490485382E-004    50080666562.93324         50053965023.84481     
   4.9670649385961810E-004    50080607216.88045         50054125695.14856     
   4.9717009281962992E-004    50080532503.73296         50054288968.17403     
   4.9763369177075367E-004    50080444802.21667         50054455348.39999     
   4.9809729069775913E-004    50080344613.94041         50054625286.02762     
   4.9856088958449298E-004    50080254151.65549         50054799171.62177     
   4.9902448841238674E-004    50080146695.73773         50054977349.45036     
   4.9948808712477395E-004    50080019905.19140         50055160152.14915     
   4.9995168566797379E-004    50079872914.04498         50055347861.82401     
   5.0000000000000001E-004    50079856471.61243         50055367713.33693     
