-5.229273838091447353e+08
-5.218877667439177632e+08
-5.208481496786907911e+08
-5.198085326134638190e+08
-5.187689155482368469e+08
-5.177292984830099940e+08
-5.166896814177830219e+08
-5.156500643525561094e+08
-5.146104472873291373e+08
-5.135708302221022844e+08
-5.125312131568753123e+08
-5.114915960916484594e+08
-5.104519790264214873e+08
-5.094123619611945748e+08
-5.083727448959676027e+08
-5.073331278307407498e+08
-5.062935107655137777e+08
-5.052538937002868652e+08
-5.042142766350598931e+08
-5.031746595698330402e+08
-5.021350425046060681e+08
-5.010954254393791556e+08
-5.000558083741521835e+08
-4.990161913089253306e+08
-4.979765742436983585e+08
-4.969369571784713864e+08
-4.958973401132444739e+08
-4.948577230480175018e+08
-4.938181059827906489e+08
-4.927784889175636768e+08
-4.917388718523368239e+08
-4.906992547871098518e+08
-4.896596377218829393e+08
-4.886200206566559672e+08
-4.875804035914291143e+08
-4.865407865262021422e+08
-4.855011694609752297e+08
-4.844615523957482576e+08
-4.834219353305214047e+08
-4.823823182652944326e+08
-4.813427012000675201e+08
-4.803030841348405480e+08
-4.792634670696136951e+08
-4.782238500043867230e+08
-4.771842329391598701e+08
-4.761446158739328980e+08
-4.751049988087059259e+08
-4.740653817434790134e+08
-4.730257646782520413e+08
-4.719861476130251884e+08
-4.709465305477982163e+08
-4.699069134825713038e+08
-4.688672964173443317e+08
-4.678276793521174788e+08
-4.667880622868905067e+08
-4.657484452216635942e+08
-4.647088281564366221e+08
-4.636692110912097692e+08
-4.626295940259827971e+08
-4.615899769607559443e+08
-4.605503598955289721e+08
-4.595107428303020597e+08
-4.584711257650750875e+08
-4.574315086998482347e+08
-4.563918916346212626e+08
-4.553522745693943501e+08
-4.543126575041673779e+08
-4.532730404389404058e+08
-4.522334233737135530e+08
-4.511938063084866405e+08
-4.501541892432596684e+08
-4.491145721780326962e+08
-4.480749551128058434e+08
-4.470353380475788713e+08
-4.459957209823520184e+08
-4.449561039171249866e+08
-4.439164868518981338e+08
-4.428768697866711617e+08
-4.418372527214443088e+08
-4.407976356562173367e+08
-4.397580185909904242e+08
-4.387184015257634521e+08
-4.376787844605365396e+08
-4.366391673953096271e+08
-4.355995503300827146e+08
-4.345599332648557425e+08
-4.335203161996288300e+08
-4.324806991344019175e+08
-4.314410820691750050e+08
-4.304014650039480329e+08
-4.293618479387211204e+08
-4.283222308734942079e+08
-4.272826138082672954e+08
-4.262429967430403829e+08
-4.252033796778134108e+08
-4.241637626125864983e+08
-4.231241455473595858e+08
-4.220845284821326733e+08
-4.210449114169057012e+08
-4.200052943516787887e+08
-4.189656772864518166e+08
-4.179260602212249637e+08
-4.168864431559979916e+08
-4.158468260907710791e+08
-4.148072090255441070e+08
-4.137675919603171945e+08
-4.127279748950902820e+08
-4.116883578298633695e+08
-4.106487407646364570e+08
-4.096091236994094849e+08
-4.085695066341825724e+08
-4.075298895689556599e+08
-4.064902725037287474e+08
-4.054506554385017753e+08
-4.044110383732748628e+08
-4.033714213080479503e+08
-4.023318042428210378e+08
-4.012921871775940657e+08
-4.002525701123671532e+08
-3.992129530471401811e+08
-3.981733359819133282e+08
-3.971337189166863561e+08
-3.960941018514595032e+08
-3.950544847862325311e+08
-3.940148677210056186e+08
-3.929752506557786465e+08
-3.919356335905517340e+08
-3.908960165253248215e+08
-3.898563994600978494e+08
-3.888167823948709369e+08
-3.877771653296440244e+08
-3.867375482644171119e+08
-3.856979311991901994e+08
-3.846583141339632273e+08
-3.836186970687363148e+08
-3.825790800035094023e+08
-3.815394629382824898e+08
-3.804998458730555773e+08
-3.794602288078285456e+08
-3.784206117426016927e+08
-3.773809946773747206e+08
-3.763413776121478677e+08
-3.753017605469208956e+08
-3.742621434816939831e+08
-3.732225264164670110e+08
-3.721829093512401581e+08
-3.711432922860131860e+08
-3.701036752207862735e+08
-3.690640581555593014e+08
-3.680244410903323889e+08
-3.669848240251054764e+08
-3.659452069598785639e+08
-3.649055898946515918e+08
-3.638659728294246793e+08
-3.628263557641977668e+08
-3.617867386989708543e+08
-3.607471216337439418e+08
-3.597075045685169697e+08
-3.586678875032900572e+08
-3.576282704380630851e+08
-3.565886533728362322e+08
-3.555490363076092601e+08
-3.545094192423823476e+08
-3.534698021771553755e+08
-3.524301851119285226e+08
-3.513905680467015505e+08
-3.503509509814746380e+08
-3.493113339162476659e+08
-3.482717168510208130e+08
-3.472320997857938409e+08
-3.461924827205669284e+08
-3.451528656553400159e+08
-3.441132485901130438e+08
-3.430736315248861313e+08
-3.420340144596592188e+08
-3.409943973944323063e+08
-3.399547803292053342e+08
-3.389151632639784217e+08
-3.378755461987515092e+08
-3.368359291335245967e+08
-3.357963120682976246e+08
-3.347566950030707121e+08
-3.337170779378437400e+08
-3.326774608726168871e+08
-3.316378438073899150e+08
-3.305982267421630621e+08
-3.295586096769360900e+08
-3.285189926117091775e+08
-3.274793755464822054e+08
-3.264397584812553525e+08
-3.254001414160283804e+08
-3.243605243508014083e+08
-3.233209072855744958e+08
-3.222812902203475833e+08
-3.212416731551206708e+08
-3.202020560898937583e+08
-3.191624390246667862e+08
-3.181228219594398737e+08
-3.170832048942129612e+08
-3.160435878289860487e+08
-3.150039707637591362e+08
-3.139643536985321045e+08
-3.129247366333052516e+08
-3.118851195680782795e+08
-3.108455025028514266e+08
-3.098058854376244545e+08
-3.087662683723975420e+08
-3.077266513071705699e+08
-3.066870342419437170e+08
-3.056474171767167449e+08
-3.046078001114898324e+08
-3.035681830462628603e+08
-3.025285659810359478e+08
-3.014889489158090353e+08
-3.004493318505821228e+08
-2.994097147853551507e+08
-2.983700977201282382e+08
-2.973304806549013257e+08
-2.962908635896744132e+08
-2.952512465244475007e+08
-2.942116294592205286e+08
-2.931720123939936161e+08
-2.921323953287667036e+08
-2.910927782635397911e+08
-2.900531611983128786e+08
-2.890135441330859065e+08
-2.879739270678589940e+08
-2.869343100026320815e+08
-2.858946929374051094e+08
-2.848550758721781969e+08
-2.838154588069512248e+08
-2.827758417417243123e+08
-2.817362246764973998e+08
-2.806966076112704873e+08
-2.796569905460435748e+08
-2.786173734808166027e+08
-2.775777564155896902e+08
-2.765381393503627777e+08
-2.754985222851358652e+08
-2.744589052199088931e+08
-2.734192881546819806e+08
-2.723796710894550681e+08
-2.713400540242281556e+08
-2.703004369590012431e+08
-2.692608198937742710e+08
-2.682212028285473585e+08
-2.671815857633204460e+08
-2.661419686980935335e+08
-2.651023516328665912e+08
-2.640627345676396191e+08
-2.630231175024127066e+08
-2.619835004371857643e+08
-2.609438833719588518e+08
-2.599042663067319095e+08
-2.588646492415049970e+08
-2.578250321762780547e+08
-2.567854151110511422e+08
-2.557457980458242297e+08
-2.547061809805972874e+08
-2.536665639153703749e+08
-2.526269468501434326e+08
-2.515873297849165201e+08
-2.505477127196895778e+08
-2.495080956544626653e+08
-2.484684785892357528e+08
-2.474288615240088105e+08
-2.463892444587818980e+08
-2.453496273935549557e+08
-2.443100103283280432e+08
-2.432703932631011009e+08
-2.422307761978741288e+08
-2.411911591326472163e+08
-2.401515420674202740e+08
-2.391119250021933615e+08
-2.380723079369664490e+08
-2.370326908717395067e+08
-2.359930738065125942e+08
-2.349534567412856519e+08
-2.339138396760587394e+08
-2.328742226108317971e+08
-2.318346055456048846e+08
-2.307949884803779721e+08
-2.297553714151510298e+08
-2.287157543499241173e+08
-2.276761372846971750e+08
-2.266365202194702625e+08
-2.255969031542433202e+08
-2.245572860890164077e+08
-2.235176690237894952e+08
-2.224780519585625529e+08
-2.214384348933356404e+08
-2.203988178281086683e+08
-2.193592007628817260e+08
-2.183195836976548135e+08
-2.172799666324278712e+08
-2.162403495672009587e+08
-2.152007325019740164e+08
-2.141611154367471039e+08
-2.131214983715201914e+08
-2.120818813062932491e+08
-2.110422642410663366e+08
-2.100026471758393943e+08
-2.089630301106124818e+08
-2.079234130453855395e+08
-2.068837959801586270e+08
-2.058441789149317145e+08
-2.048045618497047722e+08
-2.037649447844778597e+08
-2.027253277192509174e+08
-2.016857106540240049e+08
-2.006460935887970626e+08
-1.996064765235701501e+08
-1.985668594583432376e+08
-1.975272423931162655e+08
-1.964876253278893232e+08
-1.954480082626624107e+08
-1.944083911974354684e+08
-1.933687741322085559e+08
-1.923291570669816136e+08
-1.912895400017547011e+08
-1.902499229365277886e+08
-1.892103058713008463e+08
-1.881706888060739338e+08
-1.871310717408469915e+08
-1.860914546756200790e+08
-1.850518376103931367e+08
-1.840122205451662242e+08
-1.829726034799393117e+08
-1.819329864147123694e+08
-1.808933693494854569e+08
-1.798537522842585146e+08
-1.788141352190316021e+08
-1.777745181538046598e+08
-1.767349010885777473e+08
-1.756952840233507752e+08
-1.746556669581238329e+08
-1.736160498928969204e+08
-1.725764328276700079e+08
-1.715368157624430656e+08
-1.704971986972161531e+08
-1.694575816319892108e+08
-1.684179645667622983e+08
-1.673783475015353560e+08
-1.663387304363084435e+08
-1.652991133710815310e+08
-1.642594963058545887e+08
-1.632198792406276762e+08
-1.621802621754007339e+08
-1.611406451101738214e+08
-1.601010280449468791e+08
-1.590614109797199667e+08
-1.580217939144930542e+08
-1.569821768492661119e+08
-1.559425597840391994e+08
-1.549029427188122571e+08
-1.538633256535853446e+08
-1.528237085883583724e+08
-1.517840915231314301e+08
-1.507444744579045177e+08
-1.497048573926775753e+08
-1.486652403274506629e+08
-1.476256232622237504e+08
-1.465860061969968081e+08
-1.455463891317698956e+08
-1.445067720665429533e+08
-1.434671550013160408e+08
-1.424275379360890985e+08
-1.413879208708621860e+08
-1.403483038056352735e+08
-1.393086867404083312e+08
-1.382690696751814187e+08
-1.372294526099544764e+08
-1.361898355447275639e+08
-1.351502184795006216e+08
-1.341106014142737091e+08
-1.330709843490467817e+08
-1.320313672838198543e+08
-1.309917502185928822e+08
-1.299521331533659548e+08
-1.289125160881390274e+08
-1.278728990229121149e+08
-1.268332819576851875e+08
-1.257936648924582601e+08
-1.247540478272313327e+08
-1.237144307620044053e+08
-1.226748136967774779e+08
-1.216351966315505505e+08
-1.205955795663236380e+08
-1.195559625010967106e+08
-1.185163454358697832e+08
-1.174767283706428558e+08
-1.164371113054159284e+08
-1.153974942401890010e+08
-1.143578771749620736e+08
-1.133182601097351611e+08
-1.122786430445082337e+08
-1.112390259792813063e+08
-1.101994089140543789e+08
-1.091597918488274068e+08
-1.081201747836004794e+08
-1.070805577183735520e+08
-1.060409406531466246e+08
-1.050013235879196972e+08
-1.039617065226927698e+08
-1.029220894574658573e+08
-1.018824723922389299e+08
-1.008428553270120025e+08
-9.980323826178507507e+07
-9.876362119655814767e+07
-9.772400413133122027e+07
-9.668438706610429287e+07
-9.564477000087738037e+07
-9.460515293565045297e+07
-9.356553587042352557e+07
-9.252591880519659817e+07
-9.148630173996967077e+07
-9.044668467474274337e+07
-8.940706760951581597e+07
-8.836745054428890347e+07
-8.732783347906191647e+07
-8.628821641383500397e+07
-8.524859934860807657e+07
-8.420898228338114917e+07
-8.316936521815422177e+07
-8.212974815292729437e+07
-8.109013108770036697e+07
-8.005051402247343957e+07
-7.901089695724652708e+07
-7.797127989201959968e+07
-7.693166282679267228e+07
-7.589204576156574488e+07
-7.485242869633881748e+07
-7.381281163111184537e+07
-7.277319456588496268e+07
-7.173357750065799057e+07
-7.069396043543112278e+07
-6.965434337020413578e+07
-6.861472630497726798e+07
-6.757510923975029588e+07
-6.653549217452341318e+07
-6.549587510929644108e+07
-6.445625804406956583e+07
-6.341664097884259373e+07
-6.237702391361571848e+07
-6.133740684838873893e+07
-6.029778978316186368e+07
-5.925817271793489158e+07
-5.821855565270801634e+07
-5.717893858748103678e+07
-5.613932152225416154e+07
-5.509970445702718943e+07
-5.406008739180031419e+07
-5.302047032657334208e+07
-5.198085326134636253e+07
-5.094123619611948729e+07
-4.990161913089251518e+07
-4.886200206566563994e+07
-4.782238500043866038e+07
-4.678276793521178514e+07
-4.574315086998481303e+07
-4.470353380475793779e+07
-4.366391673953095824e+07
-4.262429967430408299e+07
-4.158468260907711089e+07
-4.054506554385023564e+07
-3.950544847862326354e+07
-3.846583141339638084e+07
-3.742621434816940874e+07
-3.638659728294253349e+07
-3.534698021771556139e+07
-3.430736315248868614e+07
-3.326774608726170659e+07
-3.222812902203483135e+07
-3.118851195680785924e+07
-3.014889489158088341e+07
-2.910927782635400817e+07
-2.806966076112703234e+07
-2.703004369590015709e+07
-2.599042663067318127e+07
-2.495080956544630602e+07
-2.391119250021933019e+07
-2.287157543499245495e+07
-2.183195836976547912e+07
-2.079234130453860387e+07
-1.975272423931163177e+07
-1.871310717408475280e+07
-1.767349010885778069e+07
-1.663387304363090359e+07
-1.559425597840392962e+07
-1.455463891317705251e+07
-1.351502184795007855e+07
-1.247540478272320330e+07
-1.143578771749622747e+07
-1.039617065226935223e+07
-9.356553587042376399e+06
-8.316936521815402433e+06
-7.277319456588526256e+06
-6.237702391361551359e+06
-5.198085326134676114e+06
-4.158468260907701217e+06
-3.118851195680825505e+06
-2.079234130453850608e+06
-1.039617065226974781e+06
2.227637201997630128e-42
1.039617065226875828e+06
2.079234130453850608e+06
3.118851195680726320e+06
4.158468260907701217e+06
5.198085326134577394e+06
6.237702391361551359e+06
7.277319456588427536e+06
8.316936521815402433e+06
9.356553587042277679e+06
1.039617065226925351e+07
1.143578771749612875e+07
1.247540478272310272e+07
1.351502184795007855e+07
1.455463891317695379e+07
1.559425597840392962e+07
1.663387304363080487e+07
1.767349010885778069e+07
1.871310717408465594e+07
1.975272423931163177e+07
2.079234130453850701e+07
2.183195836976547912e+07
2.287157543499235809e+07
2.391119250021933019e+07
2.495080956544620544e+07
2.599042663067318127e+07
2.703004369590005651e+07
2.806966076112703234e+07
2.910927782635390759e+07
3.014889489158088341e+07
3.118851195680775866e+07
3.222812902203473449e+07
3.326774608726160973e+07
3.430736315248858184e+07
3.534698021771556139e+07
3.638659728294243664e+07
3.742621434816940874e+07
3.846583141339628398e+07
3.950544847862326354e+07
4.054506554385013878e+07
4.158468260907711089e+07
4.262429967430398613e+07
4.366391673953095824e+07
4.470353380475783348e+07
4.574315086998481303e+07
4.678276793521168828e+07
4.782238500043866038e+07
4.886200206566553563e+07
4.990161913089251518e+07
5.094123619611939043e+07
5.198085326134636253e+07
5.302047032657323778e+07
5.406008739180021733e+07
5.509970445702709258e+07
5.613932152225406468e+07
5.717893858748103678e+07
5.821855565270791203e+07
5.925817271793489158e+07
6.029778978316176683e+07
6.133740684838873893e+07
6.237702391361561418e+07
6.341664097884259373e+07
6.445625804406946898e+07
6.549587510929644108e+07
6.653549217452331632e+07
6.757510923975029588e+07
6.861472630497716367e+07
6.965434337020413578e+07
7.069396043543101847e+07
7.173357750065799057e+07
7.277319456588487327e+07
7.381281163111184537e+07
7.485242869633871317e+07
7.589204576156570017e+07
7.693166282679256797e+07
7.797127989201954007e+07
7.901089695724652708e+07
8.005051402247339487e+07
8.109013108770036697e+07
8.212974815292724967e+07
8.316936521815422177e+07
8.420898228338110447e+07
8.524859934860807657e+07
8.628821641383494437e+07
8.732783347906191647e+07
8.836745054428879917e+07
8.940706760951577127e+07
9.044668467474265397e+07
9.148630173996962607e+07
9.252591880519649386e+07
9.356553587042348087e+07
9.460515293565034866e+07
9.564477000087732077e+07
9.668438706610420346e+07
9.772400413133117557e+07
9.876362119655805826e+07
9.980323826178503036e+07
1.008428553270118982e+08
1.018824723922388703e+08
1.029220894574658573e+08
1.039617065226927251e+08
1.050013235879196972e+08
1.060409406531465799e+08
1.070805577183735520e+08
1.081201747836004347e+08
1.091597918488274068e+08
1.101994089140542746e+08
1.112390259792812467e+08
1.122786430445081294e+08
1.133182601097351015e+08
1.143578771749619842e+08
1.153974942401889563e+08
1.164371113054158241e+08
1.174767283706428111e+08
1.185163454358696789e+08
1.195559625010966510e+08
1.205955795663235337e+08
1.216351966315505058e+08
1.226748136967773885e+08
1.237144307620043606e+08
1.247540478272313327e+08
1.257936648924582154e+08
1.268332819576851875e+08
1.278728990229120553e+08
1.289125160881390274e+08
1.299521331533659101e+08
1.309917502185928822e+08
1.320313672838197649e+08
1.330709843490467370e+08
1.341106014142736048e+08
1.351502184795005918e+08
1.361898355447274745e+08
1.372294526099544466e+08
1.382690696751812994e+08
1.393086867404082716e+08
1.403483038056351542e+08
1.413879208708621264e+08
1.424275379360890090e+08
1.434671550013159811e+08
1.445067720665428638e+08
1.455463891317698359e+08
1.465860061969968081e+08
1.476256232622236907e+08
1.486652403274506629e+08
1.497048573926775455e+08
1.507444744579045177e+08
1.517840915231314003e+08
1.528237085883583724e+08
1.538633256535852551e+08
1.549029427188122272e+08
1.559425597840390801e+08
1.569821768492660522e+08
1.580217939144929349e+08
1.590614109797199070e+08
1.601010280449467897e+08
1.611406451101737618e+08
1.621802621754006445e+08
1.632198792406276166e+08
1.642594963058544993e+08
1.652991133710814714e+08
1.663387304363083541e+08
1.673783475015353262e+08
1.684179645667622983e+08
1.694575816319891810e+08
1.704971986972161531e+08
1.715368157624430060e+08
1.725764328276700079e+08
1.736160498928968608e+08
1.746556669581238329e+08
1.756952840233507156e+08
1.767349010885776877e+08
1.777745181538045704e+08
1.788141352190315425e+08
1.798537522842584252e+08
1.808933693494853973e+08
1.819329864147122800e+08
1.829726034799392521e+08
1.840122205451661348e+08
1.850518376103931069e+08
1.860914546756199598e+08
1.871310717408469617e+08
1.881706888060738146e+08
1.892103058713007867e+08
1.902499229365277886e+08
1.912895400017546415e+08
1.923291570669816136e+08
1.933687741322084963e+08
1.944083911974354684e+08
1.954480082626623511e+08
1.964876253278893232e+08
1.975272423931162059e+08
1.985668594583431780e+08
1.996064765235700607e+08
2.006460935887970328e+08
2.016857106540239155e+08
2.027253277192508876e+08
2.037649447844777405e+08
2.048045618497047424e+08
2.058441789149315953e+08
2.068837959801585674e+08
2.079234130453854501e+08
2.089630301106124222e+08
2.100026471758393049e+08
2.110422642410662770e+08
2.120818813062931597e+08
2.131214983715201318e+08
2.141611154367471039e+08
2.152007325019739866e+08
2.162403495672009587e+08
2.172799666324278414e+08
2.183195836976548135e+08
2.193592007628816962e+08
2.203988178281086683e+08
2.214384348933355212e+08
2.224780519585624933e+08
2.235176690237893760e+08
2.245572860890163481e+08
2.255969031542432308e+08
2.266365202194702029e+08
2.276761372846970856e+08
2.287157543499240577e+08
2.297553714151509404e+08
2.307949884803779125e+08
2.318346055456047952e+08
2.328742226108317673e+08
2.339138396760586500e+08
2.349534567412856221e+08
2.359930738065125942e+08
2.370326908717394471e+08
2.380723079369664490e+08
2.391119250021933019e+08
2.401515420674202740e+08
2.411911591326471567e+08
2.422307761978741288e+08
2.432703932631010115e+08
2.443100103283279836e+08
2.453496273935548663e+08
2.463892444587818384e+08
2.474288615240087211e+08
2.484684785892356932e+08
2.495080956544625759e+08
2.505477127196895480e+08
2.515873297849164307e+08
2.526269468501434028e+08
2.536665639153702557e+08
2.547061809805972278e+08
2.557457980458241105e+08
2.567854151110510826e+08
2.578250321762780547e+08
2.588646492415049374e+08
2.599042663067319095e+08
2.609438833719587922e+08
2.619835004371857643e+08
2.630231175024126470e+08
2.640627345676396191e+08
2.651023516328665018e+08
2.661419686980934739e+08
2.671815857633203566e+08
2.682212028285473287e+08
2.692608198937742114e+08
2.703004369590011835e+08
2.713400540242280364e+08
2.723796710894550085e+08
2.734192881546819210e+08
2.744589052199088931e+08
2.754985222851357460e+08
2.765381393503627181e+08
2.775777564155895710e+08
2.786173734808165431e+08
2.796569905460435748e+08
2.806966076112704277e+08
2.817362246764973998e+08
2.827758417417242527e+08
2.838154588069512248e+08
2.848550758721781373e+08
2.858946929374051094e+08
2.869343100026319623e+08
2.879739270678589344e+08
2.890135441330858469e+08
2.900531611983128190e+08
2.910927782635396719e+08
2.921323953287666440e+08
2.931720123939935565e+08
2.942116294592205286e+08
2.952512465244473815e+08
2.962908635896743536e+08
2.973304806549012065e+08
2.983700977201281786e+08
2.994097147853550911e+08
3.004493318505820632e+08
3.014889489158090353e+08
3.025285659810358882e+08
3.035681830462628603e+08
3.046078001114897728e+08
3.056474171767167449e+08
3.066870342419435978e+08
3.077266513071705699e+08
3.087662683723974824e+08
3.098058854376244545e+08
3.108455025028513074e+08
3.118851195680782795e+08
3.129247366333051324e+08
3.139643536985321045e+08
3.150039707637590170e+08
3.160435878289859891e+08
3.170832048942128420e+08
3.181228219594398141e+08
3.191624390246667266e+08
3.202020560898936987e+08
3.212416731551205516e+08
3.222812902203475237e+08
3.233209072855744958e+08
3.243605243508014083e+08
3.254001414160283804e+08
3.264397584812552333e+08
3.274793755464822054e+08
3.285189926117090583e+08
3.295586096769360900e+08
3.305982267421629429e+08
3.316378438073899150e+08
3.326774608726167679e+08
3.337170779378437400e+08
3.347566950030706525e+08
3.357963120682976246e+08
3.368359291335244775e+08
3.378755461987514496e+08
3.389151632639783621e+08
3.399547803292053342e+08
3.409943973944321871e+08
3.420340144596591592e+08
3.430736315248860121e+08
3.441132485901130438e+08
3.451528656553400159e+08
3.461924827205668688e+08
3.472320997857938409e+08
3.482717168510206938e+08
3.493113339162476659e+08
3.503509509814745784e+08
3.513905680467015505e+08
3.524301851119284034e+08
3.534698021771553755e+08
3.545094192423822880e+08
3.555490363076092601e+08
3.565886533728361130e+08
3.576282704380630851e+08
3.586678875032899976e+08
3.597075045685169697e+08
3.607471216337438226e+08
3.617867386989707947e+08
3.628263557641976476e+08
3.638659728294246197e+08
3.649055898946515322e+08
3.659452069598785043e+08
3.669848240251053572e+08
3.680244410903323293e+08
3.690640581555593014e+08
3.701036752207862139e+08
3.711432922860131860e+08
3.721829093512401581e+08
3.732225264164669514e+08
3.742621434816939235e+08
3.753017605469208956e+08
3.763413776121478677e+08
3.773809946773746014e+08
3.784206117426015735e+08
3.794602288078285456e+08
3.804998458730555773e+08
3.815394629382823110e+08
3.825790800035092831e+08
3.836186970687362552e+08
3.846583141339632273e+08
3.856979311991900206e+08
3.867375482644169927e+08
3.877771653296439648e+08
3.888167823948709369e+08
3.898563994600979090e+08
3.908960165253247023e+08
3.919356335905516744e+08
3.929752506557786465e+08
3.940148677210056186e+08
3.950544847862324119e+08
3.960941018514593840e+08
3.971337189166863561e+08
3.981733359819133282e+08
3.992129530471401215e+08
4.002525701123670936e+08
4.012921871775940657e+08
4.023318042428210378e+08
4.033714213080478311e+08
4.044110383732748032e+08
4.054506554385017753e+08
4.064902725037287474e+08
4.075298895689554811e+08
4.085695066341824532e+08
4.096091236994094849e+08
4.106487407646364570e+08
4.116883578298631907e+08
4.127279748950901628e+08
4.137675919603171349e+08
4.148072090255441070e+08
4.158468260907710791e+08
4.168864431559978724e+08
4.179260602212248445e+08
4.189656772864518166e+08
4.200052943516787887e+08
4.210449114169055820e+08
4.220845284821325541e+08
4.231241455473595262e+08
4.241637626125864983e+08
4.252033796778132915e+08
4.262429967430402637e+08
4.272826138082672358e+08
4.283222308734942079e+08
4.293618479387210011e+08
4.304014650039479733e+08
4.314410820691749454e+08
4.324806991344019175e+08
4.335203161996287107e+08
4.345599332648556828e+08
4.355995503300826550e+08
4.366391673953096271e+08
4.376787844605365992e+08
4.387184015257633924e+08
4.397580185909903646e+08
4.407976356562173367e+08
4.418372527214443088e+08
4.428768697866710424e+08
4.439164868518980145e+08
4.449561039171249866e+08
4.459957209823520184e+08
4.470353380475787520e+08
4.480749551128057241e+08
4.491145721780326962e+08
4.501541892432596684e+08
4.511938063084864616e+08
4.522334233737134337e+08
4.532730404389404058e+08
4.543126575041673779e+08
4.553522745693941712e+08
4.563918916346211433e+08
4.574315086998481154e+08
4.584711257650750875e+08
4.595107428303020597e+08
4.605503598955288529e+08
4.615899769607558250e+08
4.626295940259827971e+08
4.636692110912097692e+08
4.647088281564365625e+08
4.657484452216635346e+08
4.667880622868905067e+08
4.678276793521174788e+08
4.688672964173442721e+08
4.699069134825712442e+08
4.709465305477982163e+08
4.719861476130251884e+08
4.730257646782519221e+08
4.740653817434788942e+08
4.751049988087059259e+08
4.761446158739328980e+08
4.771842329391596317e+08
4.782238500043866038e+08
4.792634670696135759e+08
4.803030841348405480e+08
4.813427012000675201e+08
4.823823182652943134e+08
4.834219353305212855e+08
4.844615523957482576e+08
4.855011694609752297e+08
4.865407865262020230e+08
4.875804035914289951e+08
4.886200206566559672e+08
4.896596377218829393e+08
4.906992547871097326e+08
4.917388718523367047e+08
4.927784889175636768e+08
4.938181059827906489e+08
4.948577230480174422e+08
4.958973401132444143e+08
4.969369571784713864e+08
4.979765742436983585e+08
4.990161913089251518e+08
5.000558083741521239e+08
5.010954254393790960e+08
5.021350425046060681e+08
5.031746595698330402e+08
5.042142766350598335e+08
5.052538937002868056e+08
5.062935107655137777e+08
5.073331278307407498e+08
5.083727448959674835e+08
5.094123619611944556e+08
5.104519790264214873e+08
5.114915960916484594e+08
5.125312131568751931e+08
5.135708302221021652e+08
5.146104472873291373e+08
5.156500643525561094e+08
5.166896814177829027e+08
5.177292984830098748e+08
5.187689155482368469e+08
5.198085326134638190e+08
5.208481496786907911e+08
5.218877667439177632e+08
5.229273838091447353e+08
