-3.118851195680782665e+06
-2.079234130453855265e+06
-1.039617065226927632e+06
2.227637201997630128e-42
1.039617065226927632e+06
2.079234130453855265e+06
3.118851195680782665e+06
4.158468260907710530e+06
5.198085326134637929e+06
6.237702391361565329e+06
7.277319456588492729e+06
8.316936521815421060e+06
9.356553587042348459e+06
1.039617065226927586e+07
1.143578771749620326e+07
1.247540478272313066e+07
1.351502184795005992e+07
1.455463891317698546e+07
1.559425597840391286e+07
1.663387304363084212e+07
1.767349010885776952e+07
1.871310717408469692e+07
1.975272423931162432e+07
2.079234130453855172e+07
2.183195836976547912e+07
2.287157543499240652e+07
2.391119250021933392e+07
2.495080956544626132e+07
2.599042663067319244e+07
2.703004369590011984e+07
2.806966076112704352e+07
2.910927782635397092e+07
3.014889489158090204e+07
3.118851195680782571e+07
3.222812902203475684e+07
3.326774608726168424e+07
3.430736315248861164e+07
3.534698021771553904e+07
3.638659728294246644e+07
3.742621434816939384e+07
3.846583141339632124e+07
3.950544847862324864e+07
4.054506554385017604e+07
4.158468260907710344e+07
4.262429967430403084e+07
4.366391673953095824e+07
4.470353380475788563e+07
4.574315086998481303e+07
4.678276793521174043e+07
4.782238500043866783e+07
4.886200206566560268e+07
4.990161913089252263e+07
5.094123619611945003e+07
5.198085326134638488e+07
5.302047032657330483e+07
5.406008739180023968e+07
5.509970445702716708e+07
5.613932152225408703e+07
5.717893858748101443e+07
5.821855565270794183e+07
5.925817271793487668e+07
6.029778978316180408e+07
6.133740684838873148e+07
6.237702391361565143e+07
6.341664097884257883e+07
6.445625804406951368e+07
6.549587510929644108e+07
6.653549217452336848e+07
6.757510923975029588e+07
6.861472630497722328e+07
6.965434337020415068e+07
7.069396043543107808e+07
7.173357750065800548e+07
7.277319456588493288e+07
7.381281163111186028e+07
7.485242869633878767e+07
7.589204576156571507e+07
7.693166282679264247e+07
7.797127989201956987e+07
7.901089695724649727e+07
8.005051402247342467e+07
8.109013108770035207e+07
8.212974815292727947e+07
8.316936521815420687e+07
8.420898228338113427e+07
8.524859934860806167e+07
8.628821641383500397e+07
8.732783347906191647e+07
8.836745054428884387e+07
8.940706760951577127e+07
9.044668467474269867e+07
9.148630173996962607e+07
9.252591880519656837e+07
9.356553587042348087e+07
9.460515293565040827e+07
9.564477000087733567e+07
9.668438706610426307e+07
9.772400413133120537e+07
9.876362119655813277e+07
9.980323826178504527e+07
1.008428553270119727e+08
1.018824723922389001e+08
1.029220894574658424e+08
1.039617065226927698e+08
1.050013235879196972e+08
1.060409406531466097e+08
1.070805577183735371e+08
1.081201747836004794e+08
1.091597918488274068e+08
1.101994089140543342e+08
1.112390259792812467e+08
1.122786430445081741e+08
1.133182601097351015e+08
1.143578771749620289e+08
1.153974942401889563e+08
1.164371113054158837e+08
1.174767283706428260e+08
1.185163454358697534e+08
1.195559625010966808e+08
1.205955795663236082e+08
1.216351966315505356e+08
1.226748136967774630e+08
1.237144307620043755e+08
1.247540478272313029e+08
1.257936648924582303e+08
1.268332819576851577e+08
1.278728990229121149e+08
1.289125160881390274e+08
1.299521331533659548e+08
1.309917502185928822e+08
1.320313672838198096e+08
1.330709843490467370e+08
1.341106014142736644e+08
1.351502184795005918e+08
1.361898355447275043e+08
1.372294526099544466e+08
1.382690696751813591e+08
1.393086867404083014e+08
1.403483038056352437e+08
1.413879208708621562e+08
1.424275379360890985e+08
1.434671550013160110e+08
1.445067720665429235e+08
1.455463891317698658e+08
1.465860061969967782e+08
1.476256232622237206e+08
1.486652403274506330e+08
1.497048573926775753e+08
1.507444744579045177e+08
1.517840915231314301e+08
1.528237085883583724e+08
1.538633256535852849e+08
1.549029427188122272e+08
1.559425597840391397e+08
1.569821768492660522e+08
1.580217939144929945e+08
1.590614109797199070e+08
1.601010280449468493e+08
1.611406451101737916e+08
1.621802621754007041e+08
1.632198792406276464e+08
1.642594963058545589e+08
1.652991133710815012e+08
1.663387304363084137e+08
1.673783475015353560e+08
1.684179645667622685e+08
1.694575816319891810e+08
1.704971986972161233e+08
1.715368157624430358e+08
1.725764328276700079e+08
1.736160498928969204e+08
1.746556669581238329e+08
1.756952840233507752e+08
1.767349010885776877e+08
1.777745181538046300e+08
1.788141352190315425e+08
1.798537522842584848e+08
1.808933693494853973e+08
1.819329864147123098e+08
1.829726034799392521e+08
1.840122205451661944e+08
1.850518376103931367e+08
1.860914546756200492e+08
1.871310717408469617e+08
1.881706888060739040e+08
1.892103058713008165e+08
1.902499229365277588e+08
1.912895400017546713e+08
1.923291570669816136e+08
1.933687741322085261e+08
1.944083911974354684e+08
1.954480082626624107e+08
1.964876253278893232e+08
1.975272423931162655e+08
1.985668594583431780e+08
1.996064765235700905e+08
2.006460935887970328e+08
2.016857106540239453e+08
2.027253277192508876e+08
2.037649447844778001e+08
2.048045618497047424e+08
2.058441789149316847e+08
2.068837959801585972e+08
2.079234130453855395e+08
2.089630301106124520e+08
2.100026471758393943e+08
2.110422642410663068e+08
2.120818813062932193e+08
2.131214983715201616e+08
2.141611154367470741e+08
2.152007325019740164e+08
2.162403495672009587e+08
2.172799666324278712e+08
2.183195836976548135e+08
2.193592007628817260e+08
2.203988178281086683e+08
2.214384348933355808e+08
2.224780519585624933e+08
2.235176690237894356e+08
2.245572860890163481e+08
2.255969031542432904e+08
2.266365202194702029e+08
2.276761372846971452e+08
2.287157543499240577e+08
2.297553714151509702e+08
2.307949884803779125e+08
2.318346055456048250e+08
2.328742226108317673e+08
2.339138396760587394e+08
2.349534567412856519e+08
2.359930738065125942e+08
2.370326908717395067e+08
2.380723079369664490e+08
2.391119250021933615e+08
2.401515420674202740e+08
2.411911591326472163e+08
2.422307761978741288e+08
2.432703932631010711e+08
2.443100103283279836e+08
2.453496273935549259e+08
2.463892444587818384e+08
2.474288615240087509e+08
2.484684785892356932e+08
2.495080956544626057e+08
2.505477127196895480e+08
2.515873297849164605e+08
2.526269468501434028e+08
2.536665639153703153e+08
2.547061809805972278e+08
2.557457980458242297e+08
2.567854151110511422e+08
2.578250321762780547e+08
2.588646492415049970e+08
2.599042663067319095e+08
2.609438833719588518e+08
2.619835004371857643e+08
2.630231175024127066e+08
2.640627345676396191e+08
2.651023516328665316e+08
2.661419686980934739e+08
2.671815857633203864e+08
2.682212028285473287e+08
2.692608198937742710e+08
2.703004369590011835e+08
2.713400540242280960e+08
2.723796710894550085e+08
2.734192881546819210e+08
2.744589052199088931e+08
2.754985222851358056e+08
2.765381393503627181e+08
2.775777564155896902e+08
2.786173734808166027e+08
2.796569905460435748e+08
2.806966076112704873e+08
2.817362246764973998e+08
2.827758417417243123e+08
2.838154588069512248e+08
2.848550758721781969e+08
2.858946929374051094e+08
2.869343100026320219e+08
2.879739270678589344e+08
2.890135441330858469e+08
2.900531611983128190e+08
2.910927782635397315e+08
2.921323953287666440e+08
2.931720123939935565e+08
2.942116294592205286e+08
2.952512465244474411e+08
2.962908635896743536e+08
2.973304806549012661e+08
2.983700977201281786e+08
2.994097147853551507e+08
3.004493318505821228e+08
3.014889489158090353e+08
3.025285659810359478e+08
3.035681830462628603e+08
3.046078001114898324e+08
3.056474171767167449e+08
3.066870342419436574e+08
3.077266513071705699e+08
3.087662683723974824e+08
3.098058854376244545e+08
3.108455025028513670e+08
3.118851195680782795e+08
3.129247366333051920e+08
3.139643536985321045e+08
3.150039707637590766e+08
3.160435878289859891e+08
3.170832048942129016e+08
3.181228219594398141e+08
3.191624390246667862e+08
3.202020560898936987e+08
3.212416731551206112e+08
3.222812902203475833e+08
3.233209072855744958e+08
3.243605243508014083e+08
3.254001414160283804e+08
3.264397584812552929e+08
3.274793755464822054e+08
3.285189926117091179e+08
3.295586096769360900e+08
3.305982267421630025e+08
3.316378438073899150e+08
3.326774608726168275e+08
3.337170779378437400e+08
3.347566950030707121e+08
3.357963120682976246e+08
3.368359291335245371e+08
3.378755461987514496e+08
3.389151632639783621e+08
3.399547803292053342e+08
3.409943973944322467e+08
3.420340144596591592e+08
3.430736315248860717e+08
3.441132485901130438e+08
3.451528656553400159e+08
3.461924827205669284e+08
3.472320997857938409e+08
3.482717168510207534e+08
3.493113339162476659e+08
3.503509509814746380e+08
3.513905680467015505e+08
3.524301851119284630e+08
3.534698021771553755e+08
3.545094192423822880e+08
3.555490363076092601e+08
3.565886533728361726e+08
3.576282704380630851e+08
3.586678875032899976e+08
3.597075045685169697e+08
3.607471216337438822e+08
3.617867386989707947e+08
3.628263557641977072e+08
3.638659728294246197e+08
3.649055898946515918e+08
3.659452069598785043e+08
3.669848240251054764e+08
3.680244410903323889e+08
3.690640581555593014e+08
3.701036752207862735e+08
3.711432922860131860e+08
3.721829093512400985e+08
3.732225264164670110e+08
3.742621434816939235e+08
3.753017605469208956e+08
3.763413776121478081e+08
3.773809946773747206e+08
3.784206117426016331e+08
3.794602288078285456e+08
3.804998458730555177e+08
3.815394629382824302e+08
3.825790800035093427e+08
3.836186970687362552e+08
3.846583141339632273e+08
3.856979311991901398e+08
3.867375482644170523e+08
3.877771653296439648e+08
3.888167823948709369e+08
3.898563994600978494e+08
3.908960165253248215e+08
3.919356335905517340e+08
3.929752506557786465e+08
3.940148677210055590e+08
3.950544847862325311e+08
3.960941018514594436e+08
3.971337189166863561e+08
3.981733359819132686e+08
3.992129530471401811e+08
4.002525701123671532e+08
4.012921871775940657e+08
4.023318042428209782e+08
4.033714213080478907e+08
4.044110383732748032e+08
4.054506554385017753e+08
4.064902725037286878e+08
4.075298895689556003e+08
4.085695066341825128e+08
4.096091236994094849e+08
4.106487407646364570e+08
4.116883578298633695e+08
4.127279748950902820e+08
4.137675919603171945e+08
4.148072090255441070e+08
4.158468260907710791e+08
4.168864431559979916e+08
4.179260602212249041e+08
4.189656772864518166e+08
4.200052943516787887e+08
4.210449114169057012e+08
4.220845284821326137e+08
4.231241455473595262e+08
4.241637626125864387e+08
4.252033796778134108e+08
4.262429967430403233e+08
4.272826138082672358e+08
4.283222308734941483e+08
4.293618479387210608e+08
4.304014650039480329e+08
4.314410820691749454e+08
4.324806991344019175e+08
4.335203161996288300e+08
4.345599332648557425e+08
4.355995503300827146e+08
4.366391673953096271e+08
4.376787844605365396e+08
4.387184015257634521e+08
4.397580185909903646e+08
4.407976356562173367e+08
4.418372527214442492e+08
4.428768697866711617e+08
4.439164868518980742e+08
4.449561039171249866e+08
4.459957209823520184e+08
4.470353380475788713e+08
4.480749551128058434e+08
4.491145721780326962e+08
4.501541892432596684e+08
4.511938063084865808e+08
4.522334233737135530e+08
4.532730404389404058e+08
4.543126575041673779e+08
4.553522745693942904e+08
4.563918916346212626e+08
4.574315086998481154e+08
4.584711257650750875e+08
4.595107428303019404e+08
4.605503598955289721e+08
4.615899769607558250e+08
4.626295940259827971e+08
4.636692110912096500e+08
4.647088281564366221e+08
4.657484452216635346e+08
4.667880622868905067e+08
4.678276793521174788e+08
4.688672964173443317e+08
4.699069134825713038e+08
4.709465305477982163e+08
4.719861476130251884e+08
4.730257646782520413e+08
4.740653817434790134e+08
4.751049988087059259e+08
4.761446158739328980e+08
4.771842329391597509e+08
4.782238500043867230e+08
4.792634670696135759e+08
4.803030841348405480e+08
4.813427012000674605e+08
4.823823182652944326e+08
4.834219353305212855e+08
4.844615523957482576e+08
4.855011694609751701e+08
4.865407865262021422e+08
4.875804035914289951e+08
4.886200206566559672e+08
4.896596377218829393e+08
4.906992547871098518e+08
4.917388718523368239e+08
4.927784889175636768e+08
4.938181059827906489e+08
4.948577230480175018e+08
4.958973401132444739e+08
4.969369571784713864e+08
4.979765742436983585e+08
4.990161913089252114e+08
5.000558083741521835e+08
5.010954254393790960e+08
5.021350425046060681e+08
5.031746595698329210e+08
5.042142766350598931e+08
5.052538937002868056e+08
5.062935107655137777e+08
5.073331278307406306e+08
5.083727448959676027e+08
5.094123619611944556e+08
5.104519790264214873e+08
5.114915960916484594e+08
5.125312131568753123e+08
5.135708302221022844e+08
5.146104472873291373e+08
5.156500643525561094e+08
5.166896814177830219e+08
5.177292984830099940e+08
5.187689155482368469e+08
5.198085326134638190e+08
5.208481496786907911e+08
5.218877667439177632e+08
5.229273838091447353e+08
