-2.137885544463466504e+05
-1.425257029642311099e+05
-7.126285148211555497e+04
1.112223939999999981e-22
7.126285148211555497e+04
1.425257029642311099e+05
2.137885544463466504e+05
2.850514059284622199e+05
3.563142574105777894e+05
4.275771088926933007e+05
4.988399603748088703e+05
5.701028118569244398e+05
6.413656633390400093e+05
7.126285148211555788e+05
7.838913663032711484e+05
8.551542177853866015e+05
9.264170692675021710e+05
9.976799207496177405e+05
1.068942772231733426e+06
1.140205623713848880e+06
1.211468475195964333e+06
1.282731326678080019e+06
1.353994178160195472e+06
1.425257029642311158e+06
1.496519881124426611e+06
1.567782732606542297e+06
1.639045584088657750e+06
1.710308435570773203e+06
1.781571287052888889e+06
1.852834138535004342e+06
1.924096990017120028e+06
1.995359841499235481e+06
2.066622692981351167e+06
2.137885544463466853e+06
2.209148395945582073e+06
2.280411247427697759e+06
2.351674098909813445e+06
2.422936950391928665e+06
2.494199801874044351e+06
2.565462653356160037e+06
2.636725504838275723e+06
2.707988356320390943e+06
2.779251207802506629e+06
2.850514059284622315e+06
2.921776910766737536e+06
2.993039762248853222e+06
3.064302613730968907e+06
3.135565465213084593e+06
3.206828316695199814e+06
3.278091168177315500e+06
3.349354019659431186e+06
3.420616871141546406e+06
3.491879722623662092e+06
3.574369286506365053e+06
3.658807522362352815e+06
3.745240464165872894e+06
3.833715233363466803e+06
3.924280064563611522e+06
4.016984331833221950e+06
4.111878575615365524e+06
4.209014530282867141e+06
4.308445152342814021e+06
4.410224649307348765e+06
4.514408509246478789e+06
4.621053531039011665e+06
4.730217855338137597e+06
4.841960996268499643e+06
4.956343873872065917e+06
5.073428847320470028e+06
5.193279748911931179e+06
5.315961918871308677e+06
5.441542240972225554e+06
5.570089179000729695e+06
5.701672814080320299e+06
5.836364882878715172e+06
5.974238816717207432e+06
6.115369781603886746e+06
6.259834719212598167e+06
6.407712388829943724e+06
6.559083410293199122e+06
6.714030307942591608e+06
6.872637555611846969e+06
7.034991622681583278e+06
7.201181021220616065e+06
7.371296354240895249e+06
7.545430365092397667e+06
7.723677988024868071e+06
7.906136399944015779e+06
8.092905073390341364e+06
8.284085830769489519e+06
8.479782899863729253e+06
8.680102970654761419e+06
8.885155253488907591e+06
9.095051538616308942e+06
9.309906257136641070e+06
9.529836543384594843e+06
9.754962298789070919e+06
9.985406257240965962e+06
1.022129405200513639e+07
1.046275428421303630e+07
1.070991859297340177e+07
1.096292172713914886e+07
1.122190161876967736e+07
1.148699945832852833e+07
1.175835977165753581e+07
1.203613049876927771e+07
1.232046307450094819e+07
1.261151251107344031e+07
1.290943748260081559e+07
1.321440041159616038e+07
1.352656755752091482e+07
1.384610910742614605e+07
1.417319926873494685e+07
1.450801636421672255e+07
1.485074292920509353e+07
1.520156581111231819e+07
1.556067627129468508e+07
1.592827008932418562e+07
1.630454766972348839e+07
1.668971415122236498e+07
1.708397951859500259e+07
1.748755871713941172e+07
1.790067176986108720e+07
1.832354389742501825e+07
1.875640564094133675e+07
1.919949298765148222e+07
1.965304749958364293e+07
2.011731644524727389e+07
2.059255293443879858e+07
2.107901605623184144e+07
2.157697102022714913e+07
2.208668930113945156e+07
2.260844878679975122e+07
2.314253392965405062e+07
2.368923590184095502e+07
2.424885275393259525e+07
2.482168957742571458e+07
2.540805867107114196e+07
2.600827971113261208e+07
2.662267992566769198e+07
2.725159427292562649e+07
2.789536562395972013e+07
2.855434494955345616e+07
2.922889151156249642e+07
2.991937305877685174e+07
3.062616602740978822e+07
3.134965574632315710e+07
3.209023664710058644e+07
3.284831247908344120e+07
3.362429652948664874e+07
3.441861184871418774e+07
3.523169148099751025e+07
3.606397870048220456e+07
3.691592725289183855e+07
3.778800160290084034e+07
3.868067718735081702e+07
3.959444067444904149e+07
4.052979022908972204e+07
4.148723578444319963e+07
4.246729931996103376e+07
4.347051514594819397e+07
4.449743019485813379e+07
4.554860431946885586e+07
4.662461059810310602e+07
4.772603564705885947e+07
4.885347994042017311e+07
5.000755813742339611e+07
5.118889941755647212e+07
5.239814782357459515e+07
5.363596261261906475e+07
5.490301861563038081e+07
5.620000660525231808e+07
5.752763367242662609e+07
5.888662361188442260e+07
6.027771731674418598e+07
6.170167318243104219e+07
6.315926752013851702e+07
6.465129498005704582e+07
6.617856898460084945e+07
6.774192217186909914e+07
6.934220684958267212e+07
7.098029545974490047e+07
7.265708105427861214e+07
7.437347778189964592e+07
7.613042138649183512e+07
7.792886971725492179e+07
7.976980325090433657e+07
8.165422562620654702e+07
8.358316419114215672e+07
8.555767056299485266e+07
8.757882120167104900e+07
8.964771799656379223e+07
9.176548886727973819e+07
9.393328837855763733e+07
9.615229836971318722e+07
9.842372859895306826e+07
1.007488174029101282e+08
1.031288323717589825e+08
1.055650710402795374e+08
1.080588615952464044e+08
1.106115635995284319e+08
1.132245687332944125e+08
1.158993015527279973e+08
1.186372202666666657e+08
1.214398175315863192e+08
1.243086212653669268e+08
1.272451954802816510e+08
