-4.359275461660136469e+06
-2.906183641106757801e+06
-1.453091820553378901e+06
1.494532480000000038e-42
1.453091820553378901e+06
2.906183641106757801e+06
4.359275461660136469e+06
5.812367282213515602e+06
7.265459102766893804e+06
8.718550923320272937e+06
1.017164274387365207e+07
1.162473456442703120e+07
1.307782638498041034e+07
1.453091820553378761e+07
1.598401002608716674e+07
1.743710184664054587e+07
1.889019366719392687e+07
2.034328548774730414e+07
2.179637730830068141e+07
2.324946912885406241e+07
2.470256094940744340e+07
2.615565276996082067e+07
2.760874459051419422e+07
2.906183641106757522e+07
3.051492823162095621e+07
3.196802005217433348e+07
3.342111187272771075e+07
3.487420369328109175e+07
3.632729551383447647e+07
3.778038733438785374e+07
3.923347915494122356e+07
4.068657097549460828e+07
4.213966279604798555e+07
4.359275461660136282e+07
4.504584643715474010e+07
4.649893825770812482e+07
4.795203007826150209e+07
4.940512189881488681e+07
5.085821371936825663e+07
5.231130553992164135e+07
5.376439736047501862e+07
5.521748918102838844e+07
5.667058100158177316e+07
5.812367282213515043e+07
5.957676464268853515e+07
6.102985646324191242e+07
6.248294828379528970e+07
6.393604010434866697e+07
6.538913192490205169e+07
6.684222374545542151e+07
6.829531556600880623e+07
6.974840738656218350e+07
7.120149920711556077e+07
7.265459102766895294e+07
7.410768284822231531e+07
7.556077466877570748e+07
7.701386648932908475e+07
7.846695830988244712e+07
7.992005013043583930e+07
8.137314195098921657e+07
8.282623377154259384e+07
8.427932559209597111e+07
8.573241741264934838e+07
8.718550923320272565e+07
8.863860105375611782e+07
9.009169287430948019e+07
9.154478469486287236e+07
9.299787651541624963e+07
9.445096833596961200e+07
9.590406015652300417e+07
9.735715197707638144e+07
9.881024379762977362e+07
1.002633356181831360e+08
1.017164274387365133e+08
1.031695192592899054e+08
1.046226110798432827e+08
1.060757029003966451e+08
1.075287947209500372e+08
1.089818865415034145e+08
1.104349783620567769e+08
1.118880701826101691e+08
1.133411620031635463e+08
1.147942538237169385e+08
1.162473456442703009e+08
1.177004374648236781e+08
1.191535292853770703e+08
1.206066211059304476e+08
1.220597129264838248e+08
1.235128047470372021e+08
1.249658965675905794e+08
1.264189883881439716e+08
1.278720802086973339e+08
1.293251720292507112e+08
1.307782638498041034e+08
1.322313556703574657e+08
1.336844474909108430e+08
1.351375393114642203e+08
1.365906311320176125e+08
1.380437229525710046e+08
1.394968147731243670e+08
1.409499065936777294e+08
1.424029984142311215e+08
1.438560902347845137e+08
1.453091820553379059e+08
1.467622738758912683e+08
1.482153656964446306e+08
1.496684575169980228e+08
1.511215493375514150e+08
1.525746411581047773e+08
1.540277329786581695e+08
1.554808247992115617e+08
1.569339166197648942e+08
1.583870084403182864e+08
1.598401002608716786e+08
1.612931920814250410e+08
1.627462839019784331e+08
1.641993757225318253e+08
1.656524675430851877e+08
1.671055593636385500e+08
1.685586511841919422e+08
1.700117430047453046e+08
1.714648348252986968e+08
1.729179266458520889e+08
1.743710184664054513e+08
1.758241102869588435e+08
1.772772021075122356e+08
1.787302939280655980e+08
1.801833857486189604e+08
1.816364775691723526e+08
1.830895693897257447e+08
1.845426612102791071e+08
1.859957530308324993e+08
1.874488448513858914e+08
1.889019366719392240e+08
1.903550284924926162e+08
1.918081203130460083e+08
1.932612121335993707e+08
1.947143039541527629e+08
1.961673957747061551e+08
1.976204875952595472e+08
1.990735794158128798e+08
2.005266712363662720e+08
2.019797630569196641e+08
2.034328548774730265e+08
2.048859466980264187e+08
2.063390385185798109e+08
2.077921303391331732e+08
2.092452221596865654e+08
2.106983139802399278e+08
2.121514058007932901e+08
2.136044976213466823e+08
2.150575894419000745e+08
2.165106812624534369e+08
2.179637730830068290e+08
2.194168649035602212e+08
2.208699567241135538e+08
2.223230485446669459e+08
2.237761403652203381e+08
2.252292321857737303e+08
2.266823240063270926e+08
2.281354158268804848e+08
2.295885076474338770e+08
2.310415994679872096e+08
2.324946912885406017e+08
2.339477831090939939e+08
2.354008749296473563e+08
2.368539667502007484e+08
2.383070585707541406e+08
2.397601503913075030e+08
2.412132422118608952e+08
2.426663340324142575e+08
2.441194258529676497e+08
2.455725176735210121e+08
2.470256094940744042e+08
2.484787013146277964e+08
2.499317931351811588e+08
2.513848849557345510e+08
2.528379767762879431e+08
2.542910685968412757e+08
2.557441604173946679e+08
2.571972522379480600e+08
2.586503440585014224e+08
2.601034358790548146e+08
2.615565276996082067e+08
2.630096195201615393e+08
2.644627113407149315e+08
2.659158031612683237e+08
2.673688949818216860e+08
2.688219868023750782e+08
2.702750786229284406e+08
2.717281704434818625e+08
2.731812622640352249e+08
2.746343540845885873e+08
2.760874459051420093e+08
2.775405377256953716e+08
2.789936295462487340e+08
2.804467213668020964e+08
2.818998131873554587e+08
2.833529050079088807e+08
2.848059968284622431e+08
2.862590886490156054e+08
2.877121804695690274e+08
2.891652722901223898e+08
2.906183641106758118e+08
2.920714559312291145e+08
2.935245477517825365e+08
2.949776395723358989e+08
2.964307313928892612e+08
2.978838232134426832e+08
2.993369150339960456e+08
3.007900068545494080e+08
3.022430986751028299e+08
3.036961904956561923e+08
3.051492823162095547e+08
3.066023741367629766e+08
3.080554659573163390e+08
3.095085577778697014e+08
3.109616495984231234e+08
3.124147414189764261e+08
3.138678332395297885e+08
3.153209250600832105e+08
3.167740168806365728e+08
3.182271087011899352e+08
3.196802005217433572e+08
3.211332923422967196e+08
3.225863841628500819e+08
3.240394759834035039e+08
3.254925678039568663e+08
3.269456596245102286e+08
3.283987514450636506e+08
3.298518432656170130e+08
3.313049350861703753e+08
3.327580269067237973e+08
3.342111187272771001e+08
3.356642105478304625e+08
3.371173023683838844e+08
3.385703941889372468e+08
3.400234860094906092e+08
3.414765778300440311e+08
3.429296696505973935e+08
3.443827614711507559e+08
3.458358532917041779e+08
3.472889451122575402e+08
3.487420369328109026e+08
3.501951287533643246e+08
3.516482205739176869e+08
3.531013123944711089e+08
3.545544042150244713e+08
3.560074960355777740e+08
3.574605878561311960e+08
3.589136796766845584e+08
3.603667714972379208e+08
3.618198633177913427e+08
3.632729551383447051e+08
3.647260469588980675e+08
3.661791387794514894e+08
3.676322306000048518e+08
3.690853224205582142e+08
3.705384142411116362e+08
3.719915060616649985e+08
3.734445978822183609e+08
3.748976897027717829e+08
3.763507815233250856e+08
3.778038733438784480e+08
3.792569651644318700e+08
3.807100569849852324e+08
3.821631488055385947e+08
3.836162406260920167e+08
3.850693324466453791e+08
3.865224242671987414e+08
3.879755160877521634e+08
3.894286079083055258e+08
3.908816997288588881e+08
3.923347915494123101e+08
3.937878833699656725e+08
3.952409751905190945e+08
3.966940670110724568e+08
3.981471588316257596e+08
3.996002506521791816e+08
4.010533424727325439e+08
4.025064342932859063e+08
4.039595261138393283e+08
4.054126179343926907e+08
4.068657097549460530e+08
4.083188015754994750e+08
4.097718933960528374e+08
4.112249852166061997e+08
4.126780770371596217e+08
4.141311688577129841e+08
4.155842606782663465e+08
4.170373524988197684e+08
4.184904443193731308e+08
4.199435361399264336e+08
4.213966279604798555e+08
4.228497197810332179e+08
4.243028116015865803e+08
4.257559034221400023e+08
4.272089952426933646e+08
4.286620870632467270e+08
4.301151788838001490e+08
4.315682707043535113e+08
4.330213625249068737e+08
4.344744543454602957e+08
4.359275461660136580e+08
4.373806379865670204e+08
4.388337298071204424e+08
4.402868216276738048e+08
4.417399134482271075e+08
4.431930052687805295e+08
4.446460970893338919e+08
4.460991889098873138e+08
4.475522807304406762e+08
4.490053725509940386e+08
4.504584643715474606e+08
4.519115561921008229e+08
4.533646480126541853e+08
4.548177398332076073e+08
4.562708316537609696e+08
4.577239234743143320e+08
4.591770152948677540e+08
4.606301071154211164e+08
4.620831989359744191e+08
4.635362907565278411e+08
4.649893825770812035e+08
4.664424743976345658e+08
4.678955662181879878e+08
4.693486580387413502e+08
4.708017498592947125e+08
4.722548416798481345e+08
4.737079335004014969e+08
4.751610253209548593e+08
4.766141171415082812e+08
4.780672089620616436e+08
4.795203007826150060e+08
4.809733926031684279e+08
4.824264844237217903e+08
4.838795762442750931e+08
4.853326680648285151e+08
4.867857598853818774e+08
4.882388517059352994e+08
4.896919435264886618e+08
4.911450353470420241e+08
4.925981271675954461e+08
4.940512189881488085e+08
4.955043108087021708e+08
4.969574026292555928e+08
4.984104944498089552e+08
4.998635862703623176e+08
5.013166780909157395e+08
5.027697699114691019e+08
5.042228617320224643e+08
5.056759535525758862e+08
5.071290453731291890e+08
5.085821371936825514e+08
5.100352290142359734e+08
5.114883208347893357e+08
5.129414126553426981e+08
5.143945044758961201e+08
5.158475962964494824e+08
5.173006881170028448e+08
5.187537799375562668e+08
5.202068717581096292e+08
5.216599635786629915e+08
5.231130553992164135e+08
5.245661472197697759e+08
5.260192390403230786e+08
5.274723308608765602e+08
5.289254226814298630e+08
5.303785145019832253e+08
5.318316063225366473e+08
5.332846981430900097e+08
5.347377899636433721e+08
5.361908817841967940e+08
5.376439736047501564e+08
5.390970654253035784e+08
5.405501572458568811e+08
5.420032490664103031e+08
5.434563408869637251e+08
5.449094327075170279e+08
5.463625245280704498e+08
5.478156163486238718e+08
5.492687081691771746e+08
5.507217999897305965e+08
5.521748918102840185e+08
5.536279836308373213e+08
5.550810754513907433e+08
5.565341672719441652e+08
5.579872590924974680e+08
5.594403509130507708e+08
5.608934427336041927e+08
5.623465345541576147e+08
5.637996263747109175e+08
5.652527181952643394e+08
5.667058100158177614e+08
5.681589018363710642e+08
5.696119936569244862e+08
5.710650854774779081e+08
5.725181772980312109e+08
5.739712691185846329e+08
5.754243609391380548e+08
5.768774527596913576e+08
5.783305445802447796e+08
5.797836364007982016e+08
5.812367282213515043e+08
5.826898200419048071e+08
5.841429118624581099e+08
5.855960036830114126e+08
