-5.855960036830114126e+08
-5.841429118624581099e+08
-5.826898200419048071e+08
-5.812367282213515043e+08
-5.797836364007982016e+08
-5.783305445802447796e+08
-5.768774527596913576e+08
-5.754243609391380548e+08
-5.739712691185846329e+08
-5.725181772980312109e+08
-5.710650854774779081e+08
-5.696119936569244862e+08
-5.681589018363710642e+08
-5.667058100158177614e+08
-5.652527181952643394e+08
-5.637996263747109175e+08
-5.623465345541576147e+08
-5.608934427336041927e+08
-5.594403509130507708e+08
-5.579872590924974680e+08
-5.565341672719440460e+08
-5.550810754513907433e+08
-5.536279836308373213e+08
-5.521748918102838993e+08
-5.507217999897305965e+08
-5.492687081691771746e+08
-5.478156163486237526e+08
-5.463625245280704498e+08
-5.449094327075170279e+08
-5.434563408869636059e+08
-5.420032490664103031e+08
-5.405501572458568811e+08
-5.390970654253034592e+08
-5.376439736047501564e+08
-5.361908817841967344e+08
-5.347377899636433721e+08
-5.332846981430900097e+08
-5.318316063225365877e+08
-5.303785145019832253e+08
-5.289254226814298630e+08
-5.274723308608764410e+08
-5.260192390403230786e+08
-5.245661472197697759e+08
-5.231130553992163539e+08
-5.216599635786629915e+08
-5.202068717581095695e+08
-5.187537799375562072e+08
-5.173006881170028448e+08
-5.158475962964494228e+08
-5.143945044758960605e+08
-5.129414126553426981e+08
-5.114883208347892761e+08
-5.100352290142359138e+08
-5.085821371936825514e+08
-5.071290453731291294e+08
-5.056759535525757670e+08
-5.042228617320224643e+08
-5.027697699114690423e+08
-5.013166780909156799e+08
-4.998635862703623176e+08
-4.984104944498088956e+08
-4.969574026292555332e+08
-4.955043108087021708e+08
-4.940512189881487489e+08
-4.925981271675953865e+08
-4.911450353470420241e+08
-4.896919435264886022e+08
-4.882388517059352398e+08
-4.867857598853818774e+08
-4.853326680648284554e+08
-4.838795762442750931e+08
-4.824264844237217903e+08
-4.809733926031683683e+08
-4.795203007826150060e+08
-4.780672089620616436e+08
-4.766141171415082216e+08
-4.751610253209548593e+08
-4.737079335004014969e+08
-4.722548416798480749e+08
-4.708017498592947125e+08
-4.693486580387413502e+08
-4.678955662181879282e+08
-4.664424743976345658e+08
-4.649893825770812035e+08
-4.635362907565277815e+08
-4.620831989359744191e+08
-4.606301071154211164e+08
-4.591770152948676944e+08
-4.577239234743143320e+08
-4.562708316537609696e+08
-4.548177398332075477e+08
-4.533646480126541853e+08
-4.519115561921008229e+08
-4.504584643715474010e+08
-4.490053725509940386e+08
-4.475522807304406762e+08
-4.460991889098872542e+08
-4.446460970893338919e+08
-4.431930052687804699e+08
-4.417399134482271075e+08
-4.402868216276738048e+08
-4.388337298071203828e+08
-4.373806379865670204e+08
-4.359275461660135984e+08
-4.344744543454602361e+08
-4.330213625249068737e+08
-4.315682707043534517e+08
-4.301151788838000894e+08
-4.286620870632467270e+08
-4.272089952426933050e+08
-4.257559034221399426e+08
-4.243028116015865803e+08
-4.228497197810331583e+08
-4.213966279604797959e+08
-4.199435361399264336e+08
-4.184904443193730116e+08
-4.170373524988197088e+08
-4.155842606782663465e+08
-4.141311688577129245e+08
-4.126780770371595621e+08
-4.112249852166061997e+08
-4.097718933960527778e+08
-4.083188015754994154e+08
-4.068657097549460530e+08
-4.054126179343926311e+08
-4.039595261138392687e+08
-4.025064342932859063e+08
-4.010533424727324843e+08
-3.996002506521791220e+08
-3.981471588316257596e+08
-3.966940670110723376e+08
-3.952409751905190349e+08
-3.937878833699656725e+08
-3.923347915494122505e+08
-3.908816997288588881e+08
-3.894286079083055258e+08
-3.879755160877521038e+08
-3.865224242671987414e+08
-3.850693324466453791e+08
-3.836162406260919571e+08
-3.821631488055385947e+08
-3.807100569849852324e+08
-3.792569651644318104e+08
-3.778038733438784480e+08
-3.763507815233250856e+08
-3.748976897027716637e+08
-3.734445978822183609e+08
-3.719915060616649985e+08
-3.705384142411115766e+08
-3.690853224205582142e+08
-3.676322306000048518e+08
-3.661791387794514298e+08
-3.647260469588980675e+08
-3.632729551383447051e+08
-3.618198633177912831e+08
-3.603667714972379208e+08
-3.589136796766845584e+08
-3.574605878561311364e+08
-3.560074960355777144e+08
-3.545544042150244713e+08
-3.531013123944710493e+08
-3.516482205739176273e+08
-3.501951287533643246e+08
-3.487420369328109026e+08
-3.472889451122574806e+08
-3.458358532917041779e+08
-3.443827614711507559e+08
-3.429296696505973339e+08
-3.414765778300440311e+08
-3.400234860094906092e+08
-3.385703941889371872e+08
-3.371173023683838248e+08
-3.356642105478304625e+08
-3.342111187272770405e+08
-3.327580269067236781e+08
-3.313049350861703753e+08
-3.298518432656169534e+08
-3.283987514450635910e+08
-3.269456596245102286e+08
-3.254925678039568067e+08
-3.240394759834034443e+08
-3.225863841628500819e+08
-3.211332923422966599e+08
-3.196802005217432976e+08
-3.182271087011899352e+08
-3.167740168806365132e+08
-3.153209250600831509e+08
-3.138678332395297885e+08
-3.124147414189763665e+08
-3.109616495984230042e+08
-3.095085577778697014e+08
-3.080554659573162794e+08
-3.066023741367629170e+08
-3.051492823162095547e+08
-3.036961904956561327e+08
-3.022430986751027703e+08
-3.007900068545494080e+08
-2.993369150339959860e+08
-2.978838232134426236e+08
-2.964307313928892612e+08
-2.949776395723358989e+08
-2.935245477517824769e+08
-2.920714559312291145e+08
-2.906183641106756926e+08
-2.891652722901223898e+08
-2.877121804695689678e+08
-2.862590886490156054e+08
-2.848059968284622431e+08
-2.833529050079088211e+08
-2.818998131873554587e+08
-2.804467213668020964e+08
-2.789936295462486744e+08
-2.775405377256953120e+08
-2.760874459051419497e+08
-2.746343540845885277e+08
-2.731812622640351653e+08
-2.717281704434818029e+08
-2.702750786229283810e+08
-2.688219868023750186e+08
-2.673688949818216860e+08
-2.659158031612682641e+08
-2.644627113407149017e+08
-2.630096195201615393e+08
-2.615565276996081173e+08
-2.601034358790547848e+08
-2.586503440585014224e+08
-2.571972522379480004e+08
-2.557441604173946381e+08
-2.542910685968412757e+08
-2.528379767762878537e+08
-2.513848849557345212e+08
-2.499317931351811588e+08
-2.484787013146277368e+08
-2.470256094940743744e+08
-2.455725176735210121e+08
-2.441194258529675901e+08
-2.426663340324142277e+08
-2.412132422118608952e+08
-2.397601503913074732e+08
-2.383070585707541108e+08
-2.368539667502007484e+08
-2.354008749296473265e+08
-2.339477831090939641e+08
-2.324946912885406017e+08
-2.310415994679871798e+08
-2.295885076474338472e+08
-2.281354158268804252e+08
-2.266823240063270628e+08
-2.252292321857737005e+08
-2.237761403652202785e+08
-2.223230485446669161e+08
-2.208699567241135538e+08
-2.194168649035601318e+08
-2.179637730830067992e+08
-2.165106812624534369e+08
-2.150575894419000149e+08
-2.136044976213466525e+08
-2.121514058007932901e+08
-2.106983139802398682e+08
-2.092452221596865058e+08
-2.077921303391331732e+08
-2.063390385185797513e+08
-2.048859466980263889e+08
-2.034328548774730265e+08
-2.019797630569196045e+08
-2.005266712363662422e+08
-1.990735794158128798e+08
-1.976204875952594578e+08
-1.961673957747061253e+08
-1.947143039541527629e+08
-1.932612121335993409e+08
-1.918081203130459785e+08
-1.903550284924926162e+08
-1.889019366719391942e+08
-1.874488448513858318e+08
-1.859957530308324099e+08
-1.845426612102790773e+08
-1.830895693897257149e+08
-1.816364775691722929e+08
-1.801833857486189306e+08
-1.787302939280655682e+08
-1.772772021075121462e+08
-1.758241102869588137e+08
-1.743710184664054513e+08
-1.729179266458520293e+08
-1.714648348252986670e+08
-1.700117430047453046e+08
-1.685586511841918826e+08
-1.671055593636385202e+08
-1.656524675430851877e+08
-1.641993757225317657e+08
-1.627462839019784033e+08
-1.612931920814250410e+08
-1.598401002608716190e+08
-1.583870084403182566e+08
-1.569339166197648942e+08
-1.554808247992114723e+08
-1.540277329786581397e+08
-1.525746411581047773e+08
-1.511215493375513554e+08
-1.496684575169979930e+08
-1.482153656964446306e+08
-1.467622738758912086e+08
-1.453091820553378463e+08
-1.438560902347845137e+08
-1.424029984142310917e+08
-1.409499065936777294e+08
-1.394968147731243670e+08
-1.380437229525709450e+08
-1.365906311320175827e+08
-1.351375393114641607e+08
-1.336844474909108132e+08
-1.322313556703574508e+08
-1.307782638498040289e+08
-1.293251720292506814e+08
-1.278720802086973190e+08
-1.264189883881438971e+08
-1.249658965675905496e+08
-1.235128047470371872e+08
-1.220597129264837652e+08
-1.206066211059304029e+08
-1.191535292853770554e+08
-1.177004374648236334e+08
-1.162473456442702711e+08
-1.147942538237169236e+08
-1.133411620031635016e+08
-1.118880701826101393e+08
-1.104349783620567769e+08
-1.089818865415033549e+08
-1.075287947209500074e+08
-1.060757029003966451e+08
-1.046226110798432231e+08
-1.031695192592898756e+08
-1.017164274387365133e+08
-1.002633356181830913e+08
-9.881024379762972891e+07
-9.735715197707638144e+07
-9.590406015652295947e+07
-9.445096833596959710e+07
-9.299787651541617513e+07
-9.154478469486282766e+07
-9.009169287430946529e+07
-8.863860105375604331e+07
-8.718550923320269585e+07
-8.573241741264933348e+07
-8.427932559209591150e+07
-8.282623377154254913e+07
-8.137314195098920166e+07
-7.992005013043577969e+07
-7.846695830988241732e+07
-7.701386648932906985e+07
-7.556077466877564788e+07
-7.410768284822228551e+07
-7.265459102766892314e+07
-7.120149920711550117e+07
-6.974840738656215370e+07
-6.829531556600879133e+07
-6.684222374545536935e+07
-6.538913192490201443e+07
-6.393604010434865952e+07
-6.248294828379523754e+07
-6.102985646324188262e+07
-5.957676464268852770e+07
-5.812367282213510573e+07
-5.667058100158175081e+07
-5.521748918102838844e+07
-5.376439736047496647e+07
-5.231130553992161155e+07
-5.085821371936825663e+07
-4.940512189881483465e+07
-4.795203007826147974e+07
-4.649893825770812482e+07
-4.504584643715470284e+07
-4.359275461660134792e+07
-4.213966279604791850e+07
-4.068657097549456358e+07
-3.923347915494120866e+07
-3.778038733438778669e+07
-3.632729551383443177e+07
-3.487420369328107685e+07
-3.342111187272765115e+07
-3.196802005217429623e+07
-3.051492823162094131e+07
-2.906183641106751934e+07
-2.760874459051416069e+07
-2.615565276996080577e+07
-2.470256094940738380e+07
-2.324946912885402888e+07
-2.179637730830067396e+07
-2.034328548774724826e+07
-1.889019366719389334e+07
-1.743710184664053842e+07
-1.598401002608711459e+07
-1.453091820553375967e+07
-1.307782638498040289e+07
-1.162473456442698091e+07
-1.017164274387362413e+07
-8.718550923320269212e+06
-7.265459102766846307e+06
-5.812367282213490456e+06
-4.359275461660134606e+06
-2.906183641106712166e+06
-1.453091820553356083e+06
6.637057481384545099e-08
1.453091820553422440e+06
2.906183641106778290e+06
4.359275461660200730e+06
5.812367282213556580e+06
7.265459102766912431e+06
8.718550923320334405e+06
1.017164274387369119e+07
1.162473456442704797e+07
1.307782638498046994e+07
1.453091820553382486e+07
1.598401002608718164e+07
1.743710184664060548e+07
1.889019366719389334e+07
2.034328548774731532e+07
2.179637730830073729e+07
2.324946912885415927e+07
2.470256094940745085e+07
2.615565276996087283e+07
2.760874459051429480e+07
2.906183641106758639e+07
3.051492823162100837e+07
3.196802005217443034e+07
3.342111187272771820e+07
3.487420369328114390e+07
3.632729551383456588e+07
3.778038733438785374e+07
3.923347915494127572e+07
4.068657097549469769e+07
4.213966279604798555e+07
4.359275461660140753e+07
4.504584643715482950e+07
4.649893825770812482e+07
4.795203007826154679e+07
4.940512189881496876e+07
5.085821371936825663e+07
5.231130553992167860e+07
5.376439736047510058e+07
5.521748918102838844e+07
5.667058100158181041e+07
5.812367282213523984e+07
5.957676464268852770e+07
6.102985646324194968e+07
6.248294828379537165e+07
6.393604010434865952e+07
6.538913192490208149e+07
6.684222374545550346e+07
6.829531556600879133e+07
6.974840738656221330e+07
7.120149920711563528e+07
7.265459102766892314e+07
7.410768284822234511e+07
7.556077466877576709e+07
7.701386648932906985e+07
7.846695830988249183e+07
7.992005013043591380e+07
8.137314195098920166e+07
8.282623377154262364e+07
8.427932559209604561e+07
8.573241741264933348e+07
8.718550923320275545e+07
8.863860105375617743e+07
9.009169287430946529e+07
9.154478469486288726e+07
9.299787651541630924e+07
9.445096833596959710e+07
9.590406015652301908e+07
9.735715197707644105e+07
9.881024379762972891e+07
1.002633356181831509e+08
1.017164274387365878e+08
1.031695192592898756e+08
1.046226110798432976e+08
1.060757029003967196e+08
1.075287947209500074e+08
1.089818865415034294e+08
1.104349783620568514e+08
1.118880701826101393e+08
1.133411620031635612e+08
1.147942538237169832e+08
1.162473456442702711e+08
1.177004374648236930e+08
1.191535292853771150e+08
1.206066211059305370e+08
1.220597129264838248e+08
1.235128047470372468e+08
1.249658965675906688e+08
1.264189883881439716e+08
1.278720802086973935e+08
1.293251720292508155e+08
1.307782638498041034e+08
1.322313556703575253e+08
1.336844474909109473e+08
1.351375393114642203e+08
1.365906311320176423e+08
1.380437229525710642e+08
1.394968147731243670e+08
1.409499065936777890e+08
1.424029984142312109e+08
1.438560902347845137e+08
1.453091820553379357e+08
1.467622738758913577e+08
1.482153656964446306e+08
1.496684575169980526e+08
1.511215493375514746e+08
1.525746411581047773e+08
1.540277329786581993e+08
1.554808247992116213e+08
1.569339166197648942e+08
1.583870084403183162e+08
1.598401002608717382e+08
1.612931920814250410e+08
1.627462839019784629e+08
1.641993757225318849e+08
1.656524675430851877e+08
1.671055593636386096e+08
1.685586511841920316e+08
1.700117430047453046e+08
1.714648348252987266e+08
1.729179266458521485e+08
1.743710184664054513e+08
1.758241102869588733e+08
1.772772021075122952e+08
1.787302939280655682e+08
1.801833857486189902e+08
1.816364775691724122e+08
1.830895693897257149e+08
1.845426612102791369e+08
1.859957530308325589e+08
1.874488448513858318e+08
1.889019366719392836e+08
1.903550284924927056e+08
1.918081203130459785e+08
1.932612121335994005e+08
1.947143039541528225e+08
1.961673957747061253e+08
1.976204875952595472e+08
1.990735794158129692e+08
2.005266712363662422e+08
2.019797630569196641e+08
2.034328548774730861e+08
2.048859466980263889e+08
2.063390385185798109e+08
2.077921303391332328e+08
2.092452221596866548e+08
2.106983139802399278e+08
2.121514058007933497e+08
2.136044976213467717e+08
2.150575894419000745e+08
2.165106812624534965e+08
2.179637730830069184e+08
2.194168649035602212e+08
2.208699567241136432e+08
2.223230485446670651e+08
2.237761403652203381e+08
2.252292321857737601e+08
2.266823240063271821e+08
2.281354158268804848e+08
2.295885076474339068e+08
2.310415994679873288e+08
2.324946912885406017e+08
2.339477831090940237e+08
2.354008749296474457e+08
2.368539667502007484e+08
2.383070585707541704e+08
2.397601503913075924e+08
2.412132422118608952e+08
2.426663340324143171e+08
2.441194258529677391e+08
2.455725176735210121e+08
2.470256094940744340e+08
2.484787013146278560e+08
2.499317931351811588e+08
2.513848849557345808e+08
2.528379767762880027e+08
2.542910685968412757e+08
2.557441604173946977e+08
2.571972522379481196e+08
2.586503440585014224e+08
2.601034358790548444e+08
2.615565276996082664e+08
2.630096195201615393e+08
2.644627113407149911e+08
2.659158031612684131e+08
2.673688949818216860e+08
2.688219868023751378e+08
2.702750786229285598e+08
2.717281704434818029e+08
2.731812622640352249e+08
2.746343540845886469e+08
2.760874459051419497e+08
2.775405377256953716e+08
2.789936295462487936e+08
2.804467213668020964e+08
2.818998131873555183e+08
2.833529050079089403e+08
2.848059968284622431e+08
2.862590886490156651e+08
2.877121804695690870e+08
2.891652722901223898e+08
2.906183641106758118e+08
2.920714559312292337e+08
2.935245477517824769e+08
2.949776395723358989e+08
2.964307313928893209e+08
2.978838232134426236e+08
2.993369150339960456e+08
3.007900068545494676e+08
3.022430986751027703e+08
3.036961904956561923e+08
3.051492823162096143e+08
3.066023741367630363e+08
3.080554659573163390e+08
3.095085577778697610e+08
3.109616495984231830e+08
3.124147414189764261e+08
3.138678332395298481e+08
3.153209250600832701e+08
3.167740168806365728e+08
3.182271087011899948e+08
3.196802005217434168e+08
3.211332923422967196e+08
3.225863841628501415e+08
3.240394759834035635e+08
3.254925678039568663e+08
3.269456596245102882e+08
3.283987514450637102e+08
3.298518432656170130e+08
3.313049350861704350e+08
3.327580269067238569e+08
3.342111187272771001e+08
3.356642105478305221e+08
3.371173023683839440e+08
3.385703941889372468e+08
3.400234860094906688e+08
3.414765778300440907e+08
3.429296696505973935e+08
3.443827614711508155e+08
3.458358532917042375e+08
3.472889451122575402e+08
3.487420369328109622e+08
3.501951287533643842e+08
3.516482205739176869e+08
3.531013123944711089e+08
3.545544042150245309e+08
3.560074960355777740e+08
3.574605878561311960e+08
3.589136796766846180e+08
3.603667714972379208e+08
3.618198633177913427e+08
3.632729551383447647e+08
3.647260469588980675e+08
3.661791387794514894e+08
3.676322306000049114e+08
3.690853224205582142e+08
3.705384142411116362e+08
3.719915060616650581e+08
3.734445978822183609e+08
3.748976897027717829e+08
3.763507815233252048e+08
3.778038733438784480e+08
3.792569651644318700e+08
3.807100569849852920e+08
3.821631488055385947e+08
3.836162406260920167e+08
3.850693324466454387e+08
3.865224242671987414e+08
3.879755160877521634e+08
3.894286079083055854e+08
3.908816997288588881e+08
3.923347915494123101e+08
3.937878833699657321e+08
3.952409751905191541e+08
3.966940670110724568e+08
3.981471588316258788e+08
3.996002506521793008e+08
4.010533424727325439e+08
4.025064342932859659e+08
4.039595261138393879e+08
4.054126179343926907e+08
4.068657097549461126e+08
4.083188015754995346e+08
4.097718933960528374e+08
4.112249852166062593e+08
4.126780770371596813e+08
4.141311688577129841e+08
4.155842606782664061e+08
4.170373524988198280e+08
4.184904443193731308e+08
4.199435361399265528e+08
4.213966279604799747e+08
4.228497197810332179e+08
4.243028116015866399e+08
4.257559034221400619e+08
4.272089952426933646e+08
4.286620870632467866e+08
4.301151788838002086e+08
4.315682707043535113e+08
4.330213625249069333e+08
4.344744543454603553e+08
4.359275461660136580e+08
4.373806379865670800e+08
4.388337298071205020e+08
4.402868216276738048e+08
4.417399134482272267e+08
4.431930052687806487e+08
4.446460970893338919e+08
4.460991889098873138e+08
4.475522807304407358e+08
4.490053725509940386e+08
4.504584643715474606e+08
4.519115561921008825e+08
4.533646480126541853e+08
4.548177398332076073e+08
4.562708316537610292e+08
4.577239234743143320e+08
4.591770152948677540e+08
4.606301071154211760e+08
4.620831989359744191e+08
4.635362907565278411e+08
4.649893825770812631e+08
4.664424743976345658e+08
4.678955662181879878e+08
4.693486580387414098e+08
4.708017498592947125e+08
4.722548416798481345e+08
4.737079335004015565e+08
4.751610253209548593e+08
4.766141171415082812e+08
4.780672089620617032e+08
4.795203007826150060e+08
4.809733926031684279e+08
4.824264844237218499e+08
4.838795762442750931e+08
4.853326680648285151e+08
4.867857598853819370e+08
4.882388517059352398e+08
4.896919435264886618e+08
4.911450353470420837e+08
4.925981271675955057e+08
4.940512189881488085e+08
4.955043108087022305e+08
4.969574026292556524e+08
4.984104944498089552e+08
4.998635862703623772e+08
5.013166780909157991e+08
5.027697699114691019e+08
5.042228617320225239e+08
5.056759535525759459e+08
5.071290453731291890e+08
5.085821371936826110e+08
5.100352290142360330e+08
5.114883208347893357e+08
5.129414126553427577e+08
5.143945044758961797e+08
5.158475962964494824e+08
5.173006881170029044e+08
5.187537799375563264e+08
5.202068717581096292e+08
5.216599635786630511e+08
5.231130553992164731e+08
5.245661472197697759e+08
5.260192390403231978e+08
5.274723308608766198e+08
5.289254226814298630e+08
5.303785145019832850e+08
5.318316063225367069e+08
5.332846981430900097e+08
5.347377899636434317e+08
5.361908817841968536e+08
5.376439736047501564e+08
5.390970654253035784e+08
5.405501572458570004e+08
5.420032490664103031e+08
5.434563408869637251e+08
5.449094327075171471e+08
5.463625245280704498e+08
5.478156163486238718e+08
5.492687081691772938e+08
5.507217999897305965e+08
5.521748918102840185e+08
5.536279836308374405e+08
5.550810754513907433e+08
5.565341672719441652e+08
5.579872590924975872e+08
5.594403509130507708e+08
5.608934427336041927e+08
5.623465345541576147e+08
5.637996263747109175e+08
5.652527181952643394e+08
5.667058100158177614e+08
5.681589018363710642e+08
5.696119936569244862e+08
5.710650854774779081e+08
5.725181772980312109e+08
5.739712691185846329e+08
5.754243609391380548e+08
5.768774527596913576e+08
5.783305445802447796e+08
5.797836364007982016e+08
5.812367282213515043e+08
5.826898200419048071e+08
5.841429118624581099e+08
5.855960036830114126e+08
