  1.00000E+07  1.00000E+08  1.56924E+17  6.68535E+06  2.00000E+09  2.52503E+17  4.17040E+06  2.97365E+09  4.72198E+17  2.97910E+17  3.15275E+17  2.38372E+17  1.61998E+17  7.12740E-06  3.63917E-03  5.34234E-01  5.18641E-03  3.03126E-01  1.53807E-01  5.60000E-29
  1.25893E+07  1.00000E+08  1.77018E+17  8.96905E+06  2.00000E+09  2.62654E+17  5.61787E+06  3.15224E+09  4.85976E+17  3.03687E+17  3.08957E+17  2.46485E+17  1.73747E+17  3.44946E-07  4.67073E-04  5.34953E-01  6.11277E-05  2.94054E-01  1.70464E-01  5.60000E-29
  1.58489E+07  1.00000E+08  1.99265E+17  1.18972E+07  2.00000E+09  2.76677E+17  7.53471E+06  3.33585E+09  5.01849E+17  3.06930E+17  3.02584E+17  2.53909E+17  1.84389E+17  3.42142E-07  4.27178E-05  5.29494E-01  2.05589E-05  2.91846E-01  1.78596E-01  5.60000E-29
  1.99526E+07  1.00000E+08  2.23835E+17  1.56368E+07  2.00000E+09  2.94319E+17  9.97694E+06  3.54190E+09  5.25932E+17  3.16171E+17  3.02098E+17  2.63394E+17  1.97342E+17  1.22961E-06  6.55367E-05  5.13688E-01  3.46162E-05  2.80838E-01  2.05373E-01  5.60000E-29
  2.51189E+07  1.00000E+08  2.50909E+17  2.03986E+07  2.00000E+09  3.15474E+17  1.26531E+07  3.84916E+09  5.81935E+17  3.63303E+17  3.31027E+17  2.87013E+17  2.26436E+17  7.70851E-06  1.44217E-04  4.37717E-01  6.38052E-05  2.13235E-01  3.48833E-01  5.60000E-29
  3.16228E+07  1.00000E+08  2.80680E+17  2.64489E+07  2.00000E+09  3.40131E+17  1.38097E+07  4.48453E+09  7.80401E+17  5.94923E+17  4.99721E+17  3.62491E+17  3.14893E+17  1.08378E-03  3.29907E-04  1.94403E-02  3.94587E-05  1.02265E-03  9.65373E-01  1.27111E-02
  3.98107E+07  1.00000E+08  3.13354E+17  3.41243E+07  2.00000E+09  3.68346E+17  1.82292E+07  4.78387E+09  8.15039E+17  6.04243E+17  5.01685E+17  3.79590E+17  3.33683E+17  3.18365E-03  7.19308E-05  5.34410E-04  2.25965E-06  9.53479E-04  9.65594E-01  2.96607E-02
  5.01187E+07  1.00000E+08  3.49150E+17  4.38500E+07  2.00000E+09  4.00228E+17  2.41016E+07  5.08798E+09  8.48019E+17  6.06475E+17  4.98869E+17  3.95099E+17  3.50513E+17  8.52509E-03  9.52891E-05  5.96689E-04  4.13256E-06  1.17283E-03  9.10209E-01  7.93973E-02
  6.30957E+07  1.00000E+08  3.88303E+17  5.61628E+07  2.00000E+09  4.35923E+17  3.16358E+07  5.41513E+09  8.88982E+17  6.14290E+17  5.00680E+17  4.12210E+17  3.69011E+17  2.23415E-02  1.04561E-04  5.27190E-04  5.87125E-06  1.21665E-03  7.58298E-01  2.17506E-01
  7.94328E+07  1.00000E+08  4.31064E+17  7.17400E+07  2.00000E+09  4.75616E+17  4.14981E+07  5.74362E+09  9.30417E+17  6.17777E+17  4.99353E+17  4.28366E+17  3.86227E+17  5.18088E-02  8.71050E-05  3.50997E-04  5.88111E-06  9.67447E-04  5.04564E-01  4.42216E-01
  1.00000E+08  1.00000E+08  4.77703E+17  9.14363E+07  2.00000E+09  5.19523E+17  5.50138E+07  6.02065E+09  9.58377E+17  5.98229E+17  4.80674E+17  4.36106E+17  3.94216E+17  9.19769E-02  5.44614E-05  1.90195E-04  4.32141E-06  6.17937E-04  2.86246E-01  6.20910E-01
  1.25893E+08  1.00000E+08  5.28512E+17  1.16329E+08  2.00000E+09  5.67887E+17  7.33386E+07  6.24257E+09  9.79184E+17  5.63282E+17  4.50672E+17  4.34792E+17  3.92788E+17  1.29360E-01  3.22729E-05  1.07084E-04  3.05354E-06  4.01074E-04  1.70665E-01  6.99431E-01
  1.58489E+08  1.00000E+08  5.83803E+17  1.47777E+08  2.00000E+09  6.20985E+17  9.74815E+07  6.43486E+09  1.00406E+18  5.27222E+17  4.20259E+17  4.28626E+17  3.86632E+17  1.59555E-01  2.20747E-05  7.20432E-05  2.45700E-06  3.00838E-04  1.18202E-01  7.21846E-01
  1.99526E+08  1.00000E+08  6.43913E+17  1.87494E+08  2.00000E+09  6.79123E+17  1.28804E+08  6.61507E+09  1.03745E+18  4.95538E+17  3.93536E+17  4.20621E+17  3.78888E+17  1.82916E-01  1.87507E-05  6.04983E-05  2.38426E-06  2.70835E-04  9.73356E-02  7.19396E-01
  2.51189E+08  1.00000E+08  7.09208E+17  2.37636E+08  2.00000E+09  7.42641E+17  1.69159E+08  6.79216E+09  1.08023E+18  4.69010E+17  3.71018E+17  4.12265E+17  3.71014E+17  2.00809E-01  1.91764E-05  6.14619E-05  2.73984E-06  2.86655E-04  9.31092E-02  7.05712E-01
  3.16228E+08  1.00000E+08  7.80080E+17  3.00924E+08  2.00000E+09  8.11910E+17  2.20987E+08  6.96887E+09  1.13209E+18  4.46808E+17  3.52006E+17  4.04072E+17  3.63451E+17  2.14873E-01  2.14537E-05  6.88033E-05  3.43563E-06  3.30902E-04  9.67922E-02  6.87910E-01
  3.98107E+08  1.00000E+08  8.56954E+17  3.80785E+08  2.00000E+09  8.87336E+17  2.87424E+08  7.14547E+09  1.19265E+18  4.27945E+17  3.35700E+17  3.96175E+17  3.56271E+17  2.26434E-01  2.42603E-05  7.82441E-05  4.36113E-06  3.88821E-04  1.02990E-01  6.70081E-01
  5.01187E+08  1.00000E+08  9.40290E+17  4.81535E+08  2.00000E+09  9.69363E+17  3.72443E+08  7.32258E+09  1.26184E+18  4.11739E+17  3.21551E+17  3.88666E+17  3.49521E+17  2.36198E-01  2.69748E-05  8.77493E-05  5.45184E-06  4.53166E-04  1.09627E-01  6.53602E-01
  6.30957E+08  1.00000E+08  1.03058E+18  6.08615E+08  2.00000E+09  1.05847E+18  4.81071E+08  7.50131E+09  1.33978E+18  3.97731E+17  3.09192E+17  3.81630E+17  3.43256E+17  2.44486E-01  2.94963E-05  9.69678E-05  6.71021E-06  5.23348E-04  1.16545E-01  6.38312E-01
  7.94328E+08  1.00000E+08  1.12837E+18  7.68877E+08  2.00000E+09  1.15519E+18  6.19670E+08  7.68275E+09  1.42671E+18  3.85572E+17  2.98342E+17  3.75116E+17  3.37504E+17  2.51495E-01  3.18586E-05  1.05992E-04  8.16539E-06  6.00797E-04  1.23999E-01  6.23759E-01
  1.00000E+09  1.00000E+08  1.23424E+18  9.70952E+08  2.00000E+09  1.26009E+18  7.96293E+08  7.86785E+09  1.52301E+18  3.74986E+17  2.88777E+17  3.69146E+17  3.32271E+17  2.57369E-01  3.41138E-05  1.14975E-04  9.85750E-06  6.87451E-04  1.32276E-01  6.09508E-01
  1.25893E+09  1.00000E+08  1.34880E+18  1.22571E+09  2.00000E+09  1.37378E+18  1.01525E+09  8.23782E+09  1.64041E+18  3.80877E+17  2.91611E+17  3.75942E+17  3.39916E+17  2.54983E-01  3.67361E-05  1.21739E-04  9.69000E-06  6.73192E-04  1.20458E-01  6.23718E-01
  1.58489E+09  1.00000E+08  1.47274E+18  1.54686E+09  2.00000E+09  1.49694E+18  1.30181E+09  8.39394E+09  1.75380E+18  3.68764E+17  2.81057E+17  3.67978E+17  3.32562E+17  2.61626E-01  3.83992E-05  1.29778E-04  1.19740E-05  7.71286E-04  1.30571E-01  6.06852E-01
  1.99526E+09  1.00000E+08  1.60680E+18  1.95163E+09  2.00000E+09  1.63029E+18  1.66931E+09  8.47866E+09  1.87436E+18  3.52524E+17  2.67567E+17  3.56054E+17  3.21174E+17  2.68611E-01  4.07498E-05  1.42662E-04  1.64645E-05  1.00104E-03  1.59353E-01  5.70835E-01
  2.51189E+09  1.00000E+08  1.75176E+18  2.46176E+09  2.00000E+09  1.77462E+18  2.12880E+09  8.71123E+09  2.01485E+18  3.48437E+17  2.63097E+17  3.53962E+17  3.19658E+17  2.73872E-01  4.30259E-05  1.44865E-04  1.84181E-05  1.00244E-03  1.38574E-01  5.86345E-01
  3.16228E+09  1.00000E+08  1.90847E+18  3.10460E+09  2.00000E+09  1.93077E+18  2.70989E+09  8.98548E+09  2.16927E+18  3.47204E+17  2.60795E+17  3.54161E+17  3.20396E+17  2.77648E-01  4.54412E-05  1.45755E-04  1.98872E-05  9.61903E-04  1.14804E-01  6.06376E-01
  3.98107E+09  1.00000E+08  2.07787E+18  3.91463E+09  2.00000E+09  2.09966E+18  3.44625E+09  9.27570E+09  2.33702E+18  3.46784E+17  2.59151E+17  3.54973E+17  3.21694E+17  2.80514E-01  4.82488E-05  1.46897E-04  2.14652E-05  9.16609E-04  9.40611E-02  6.24291E-01
  5.01187E+09  1.00000E+08  2.26096E+18  4.93522E+09  2.00000E+09  2.28230E+18  4.37880E+09  9.58473E+09  2.51914E+18  3.47218E+17  2.58185E+17  3.56464E+17  3.23620E+17  2.82485E-01  5.15945E-05  1.48325E-04  2.31341E-05  8.67329E-04  7.60320E-02  6.40393E-01
  6.30957E+09  1.00000E+08  2.45880E+18  6.22105E+09  2.00000E+09  2.47975E+18  5.55919E+09  9.91546E+09  2.71672E+18  3.48535E+17  2.57915E+17  3.58687E+17  3.26230E+17  2.83591E-01  5.55854E-05  1.49930E-04  2.48294E-05  8.11798E-04  6.03014E-02  6.55065E-01
  7.94328E+09  1.00000E+08  2.67258E+18  7.84092E+09  2.00000E+09  2.69318E+18  7.05262E+09  1.02707E+10  2.93092E+18  3.50751E+17  2.58345E+17  3.61680E+17  3.29563E+17  2.83867E-01  6.01939E-05  1.51446E-04  2.63071E-05  7.45369E-04  4.65348E-02  6.68615E-01
  1.00000E+10  1.00000E+08  2.90354E+18  9.88151E+09  2.00000E+09  2.92385E+18  8.94094E+09  1.06581E+10  3.16318E+18  3.54087E+17  2.59636E+17  3.65662E+17  3.33842E+17  2.83095E-01  6.57600E-05  1.54475E-04  2.78369E-05  6.77464E-04  3.52864E-02  6.80693E-01
