  1.00000E+06  1.00000E+08  4.26061E+16  5.34741E+06  2.50000E+09  3.29204E+17  3.24620E+06  3.02409E+09  5.50761E+17  5.21832E+08  3.13135E+17  5.08155E+17  1.31737E+18  1.21915E+17  4.56969E-08  2.37593E-05  5.26570E-01  7.06370E-06  2.65278E-01  2.08121E-01  5.60000E-29
  1.25893E+06  1.00000E+08  4.88066E+16  6.62223E+06  2.50000E+09  3.25034E+17  3.89362E+06  3.14400E+09  5.59429E+17  5.83614E+08  3.31922E+17  5.10622E+17  1.24070E+18  1.35304E+17  1.10146E-07  3.47655E-05  4.95001E-01  9.27601E-06  2.41696E-01  2.63259E-01  5.60000E-29
  1.58489E+06  1.00000E+08  5.58817E+16  8.17952E+06  2.50000E+09  3.24744E+17  4.41401E+06  3.30346E+09  6.00618E+17  6.60048E+08  3.92869E+17  5.44736E+17  1.22243E+18  1.55332E+17  3.69371E-07  5.98045E-05  3.94888E-01  1.16627E-05  1.59443E-01  4.45597E-01  5.60000E-29
  1.99526E+06  1.00000E+08  6.39274E+16  1.00775E+07  2.50000E+09  3.27837E+17  4.50965E+06  3.49634E+09  6.95909E+17  6.84792E+08  5.32547E+17  6.31981E+17  1.23915E+18  1.78129E+17  2.65653E-05  1.14674E-04  1.53269E-01  1.12848E-04  1.24678E-03  8.45230E-01  5.60000E-29
  2.51189E+06  1.00000E+08  7.30462E+16  1.23924E+07  2.50000E+09  3.33994E+17  5.07304E+06  3.65712E+09  7.41768E+17  6.89684E+08  6.01759E+17  6.68722E+17  1.19401E+18  1.90080E+17  3.66416E-05  8.48231E-05  1.05689E-02  5.71251E-06  1.92128E-04  9.71071E-01  1.80405E-02
  3.16228E+06  1.00000E+08  8.33478E+16  1.51994E+07  2.50000E+09  3.42969E+17  6.22439E+06  3.82698E+09  7.53920E+17  6.93187E+08  6.07860E+17  6.70572E+17  1.15431E+18  2.03868E+17  8.99970E-05  6.98160E-06  8.46717E-05  7.08030E-08  1.73596E-04  9.74805E-01  2.48392E-02
  3.98107E+06  1.00000E+08  9.49488E+16  1.86180E+07  2.50000E+09  3.54677E+17  7.71542E+06  4.00438E+09  7.63156E+17  6.97726E+08  6.08715E+17  6.68207E+17  1.11572E+18  2.17079E+17  2.06355E-04  1.02074E-05  1.01410E-04  1.25173E-07  2.46673E-04  9.69158E-01  3.02770E-02
  5.01187E+06  1.00000E+08  1.07973E+17  2.27710E+07  2.50000E+09  3.69037E+17  9.50864E+06  4.19301E+09  7.77781E+17  7.06641E+08  6.14210E+17  6.69808E+17  1.08153E+18  2.30141E+17  4.99662E-04  1.60040E-05  1.35916E-04  2.55449E-07  3.12322E-04  9.37636E-01  6.13999E-02
  6.30957E+06  1.00000E+08  1.22550E+17  2.78072E+07  2.50000E+09  3.86007E+17  1.14687E+07  4.39492E+09  8.03473E+17  7.36738E+08  6.35126E+17  6.80923E+17  1.05183E+18  2.42622E+17  1.28859E-03  1.97757E-05  1.37738E-04  4.11861E-07  3.31603E-04  8.21276E-01  1.76946E-01
  7.94328E+06  1.00000E+08  1.38819E+17  3.39017E+07  2.50000E+09  4.05564E+17  1.31312E+07  4.60229E+09  8.46801E+17  8.82331E+08  6.88809E+17  7.07983E+17  1.01709E+18  2.51097E+17  3.43453E-03  1.58448E-05  8.54520E-05  4.08194E-07  2.40044E-04  5.22193E-01  4.74030E-01
  1.00000E+07  1.00000E+08  1.56924E+17  4.12477E+07  2.50000E+09  4.27659E+17  1.46893E+07  4.78252E+09  8.83947E+17  8.88803E+08  7.41987E+17  7.27024E+17  9.54792E+17  2.51581E+17  7.88521E-03  6.31580E-06  2.86950E-05  2.05462E-07  1.01702E-04  2.07391E-01  7.84587E-01
  1.25893E+07  1.00000E+08  1.77018E+17  5.01001E+07  2.50000E+09  4.52334E+17  1.70334E+07  4.94252E+09  8.96792E+17  8.99861E+08  7.58252E+17  7.19774E+17  8.82623E+17  2.50715E+17  1.51056E-02  1.51907E-06  6.85293E-06  7.02023E-08  3.24256E-05  6.41475E-02  9.20706E-01
  1.58489E+07  1.00000E+08  1.99265E+17  6.07144E+07  2.50000E+09  4.79527E+17  2.04914E+07  5.10961E+09  8.99841E+17  9.24127E+08  7.48860E+17  7.00576E+17  8.22742E+17  2.53894E+17  2.66072E-02  4.06826E-07  1.82490E-06  2.58940E-08  1.13055E-05  2.12485E-02  9.52131E-01
  1.99526E+07  1.00000E+08  2.23835E+17  7.33869E+07  2.50000E+09  5.09189E+17  2.97434E+07  5.49422E+09  9.31146E+17  9.52455E+08  6.96434E+17  7.07312E+17  8.90127E+17  2.99566E+17  6.05328E-02  9.58989E-07  3.62411E-06  7.15611E-08  2.09213E-05  2.44726E-02  9.14969E-01
  2.51189E+07  1.00000E+08  2.50909E+17  8.85606E+07  2.50000E+09  5.41492E+17  3.90321E+07  5.73460E+09  9.42298E+17  9.53335E+08  6.54479E+17  6.91389E+17  8.65247E+17  3.16315E+17  8.66469E-02  2.18399E-06  7.77603E-06  1.79513E-07  4.09722E-05  3.53308E-02  8.77971E-01
  3.16228E+07  1.00000E+08  2.80680E+17  1.05920E+08  2.50000E+09  5.75049E+17  5.17420E+07  5.92316E+09  9.41118E+17  9.45668E+08  6.26101E+17  6.60438E+17  8.13062E+17  3.22457E+17  1.04056E-01  3.65451E-06  1.26025E-05  3.29923E-07  6.37371E-05  4.46915E-02  8.51173E-01
  3.98107E+07  1.00000E+08  3.13354E+17  1.25855E+08  2.50000E+09  6.10065E+17  6.20829E+07  6.00221E+09  9.33927E+17  9.38995E+08  6.24135E+17  6.20573E+17  7.20536E+17  3.08491E+17  1.04897E-01  4.21197E-06  1.44752E-05  4.02844E-07  7.36987E-05  4.82402E-02  8.46770E-01
  5.01187E+07  1.00000E+08  3.49150E+17  1.52210E+08  2.50000E+09  6.51866E+17  7.61831E+07  6.15630E+09  9.52020E+17  9.33314E+08  5.97090E+17  6.02869E+17  6.72372E+17  3.07516E+17  1.21540E-01  6.06961E-06  2.04177E-05  6.25702E-07  1.01115E-04  5.67268E-02  8.21605E-01
  6.30957E+07  1.00000E+08  3.88303E+17  1.84660E+08  2.50000E+09  6.97955E+17  9.47958E+07  6.32431E+09  9.78023E+17  9.29065E+08  5.65624E+17  5.89720E+17  6.35536E+17  3.08717E+17  1.40976E-01  8.61240E-06  2.84305E-05  9.65593E-07  1.37612E-04  6.59985E-02  7.92850E-01
  7.94328E+07  1.00000E+08  4.31064E+17  2.24139E+08  2.50000E+09  7.47990E+17  1.17169E+08  6.47928E+09  1.00678E+18  9.26675E+08  5.38326E+17  5.75715E+17  5.99878E+17  3.07590E+17  1.57829E-01  1.12568E-05  3.67379E-05  1.37284E-06  1.76196E-04  7.40978E-02  7.67847E-01
  1.00000E+08  1.00000E+08  4.77703E+17  2.72279E+08  2.50000E+09  8.02303E+17  1.47467E+08  6.64681E+09  1.04417E+18  9.26371E+08  5.09551E+17  5.66471E+17  5.72220E+17  3.08250E+17  1.75640E-01  1.43563E-05  4.64959E-05  1.92542E-06  2.22820E-04  8.22387E-02  7.41835E-01
  1.25893E+08  1.00000E+08  5.28512E+17  3.31222E+08  2.50000E+09  8.61354E+17  1.86030E+08  6.81030E+09  1.08730E+18  9.28245E+08  4.84826E+17  5.58786E+17  5.46927E+17  3.07748E+17  1.90914E-01  1.73604E-05  5.61067E-05  2.57064E-06  2.71815E-04  8.94571E-02  7.19281E-01
  1.58489E+08  1.00000E+08  5.83803E+17  4.03323E+08  2.50000E+09  9.25352E+17  2.33287E+08  6.96683E+09  1.13524E+18  9.32305E+08  4.64307E+17  5.51434E+17  5.23162E+17  3.05890E+17  2.03527E-01  2.01351E-05  6.51834E-05  3.29040E-06  3.21912E-04  9.59317E-02  7.00131E-01
  1.99526E+08  1.00000E+08  6.43913E+17  4.91985E+08  2.50000E+09  9.94923E+17  2.93979E+08  6.96159E+09  1.15288E+18  9.38513E+08  5.56006E+17  5.08967E+17  4.60214E+17  2.69532E+17  1.44018E-01  1.37697E-05  4.71299E-05  2.44011E-06  2.68027E-04  9.17955E-02  7.63855E-01
  2.51189E+08  1.00000E+08  7.09208E+17  5.97282E+08  2.50000E+09  1.06796E+18  3.73455E+08  6.99833E+09  1.19654E+18  9.46804E+08  5.88297E+17  4.87335E+17  4.19151E+17  2.48610E+17  1.22663E-01  1.19503E-05  4.22765E-05  2.33560E-06  2.64198E-04  9.35102E-02  7.83506E-01
  3.16228E+08  1.00000E+08  7.80080E+17  7.25858E+08  2.50000E+09  1.14680E+18  3.82654E+08  6.94829E+09  1.20007E+18  9.57114E+08  5.68172E+17  4.19994E+17  3.81798E+17  2.31537E+17  1.35403E-01  1.36099E-05  4.76525E-05  2.70817E-06  2.91441E-04  9.69490E-02  7.67292E-01
  3.98107E+08  1.00000E+08  8.56954E+17  8.96736E+08  2.50000E+09  1.23882E+18  5.97130E+08  7.06052E+09  1.31605E+18  9.69384E+08  6.17231E+17  4.59097E+17  3.54323E+17  2.13562E+17  1.02483E-01  1.06541E-05  3.97145E-05  2.57571E-06  2.92474E-04  1.03368E-01  7.93803E-01
  5.01187E+08  1.00000E+08  9.40290E+17  1.09462E+09  2.50000E+09  1.33224E+18  7.62321E+08  7.19578E+09  1.39980E+18  9.83564E+08  6.40605E+17  4.59514E+17  3.34617E+17  2.02731E+17  8.65479E-02  9.14015E-06  3.53812E-05  2.47052E-06  2.92346E-04  1.08441E-01  8.04671E-01
  6.30957E+08  1.00000E+08  1.03058E+18  1.34205E+09  2.50000E+09  1.43480E+18  9.41136E+08  7.26036E+09  1.47660E+18  9.99615E+08  6.55331E+17  4.46016E+17  3.10947E+17  1.88349E+17  7.61493E-02  8.20088E-06  3.27733E-05  2.45448E-06  2.99547E-04  1.14504E-01  8.09004E-01
  7.94328E+08  1.00000E+08  1.12837E+18  1.64036E+09  2.50000E+09  1.54326E+18  1.17874E+09  7.27327E+09  1.56479E+18  1.01751E+09  6.65124E+17  4.36420E+17  2.85644E+17  1.72395E+17  6.86659E-02  7.62488E-06  3.14676E-05  2.56424E-06  3.19875E-04  1.23066E-01  8.07907E-01
  1.00000E+09  1.00000E+08  1.23424E+18  2.00431E+09  2.50000E+09  1.65941E+18  1.40820E+09  7.33933E+09  1.64519E+18  1.03722E+09  6.72664E+17  4.10951E+17  2.66709E+17  1.60745E+17  6.27662E-02  7.15248E-06  3.03446E-05  2.64633E-06  3.37169E-04  1.30761E-01  8.06095E-01
  1.25893E+09  1.00000E+08  1.23424E+18  2.00431E+09  2.50000E+09  1.65941E+18  1.40820E+09  7.33933E+09  1.64519E+18  1.03722E+09  6.72664E+17  4.10951E+17 2.66709E+17  1.60745E+17  6.27662E-02  7.15248E-06  3.03446E-05  2.64633E-06  3.37169E-04  1.30761E-01  8.06095E-01
