-8.103003132140665054e+08
-8.082896424616743326e+08
-8.062789717092821598e+08
-8.042683009568899870e+08
-8.022576302044978142e+08
-8.002469594521055222e+08
-7.982362886997133493e+08
-7.962256179473211765e+08
-7.942149471949288845e+08
-7.922042764425367117e+08
-7.901936056901445389e+08
-7.881829349377522469e+08
-7.861722641853599548e+08
-7.841615934329677820e+08
-7.821509226805754900e+08
-7.801402519281833172e+08
-7.781295811757911444e+08
-7.761189104233988523e+08
-7.741082396710066795e+08
-7.720975689186145067e+08
-7.700868981662222147e+08
-7.680762274138300419e+08
-7.660655566614377499e+08
-7.640548859090454578e+08
-7.620442151566532850e+08
-7.600335444042609930e+08
-7.580228736518688202e+08
-7.560122028994766474e+08
-7.540015321470843554e+08
-7.519908613946921825e+08
-7.499801906423000097e+08
-7.479695198899077177e+08
-7.459588491375155449e+08
-7.439481783851232529e+08
-7.419375076327309608e+08
-7.399268368803387880e+08
-7.379161661279466152e+08
-7.359054953755543232e+08
-7.338948246231621504e+08
-7.318841538707699776e+08
-7.298734831183776855e+08
-7.278628123659855127e+08
-7.258521416135932207e+08
-7.238414708612010479e+08
-7.218308001088087559e+08
-7.198201293564164639e+08
-7.178094586040242910e+08
-7.157987878516321182e+08
-7.137881170992398262e+08
-7.117774463468476534e+08
-7.097667755944554806e+08
-7.077561048420631886e+08
-7.057454340896710157e+08
-7.037347633372787237e+08
-7.017240925848865509e+08
-6.997134218324942589e+08
-6.977027510801020861e+08
-6.956920803277097940e+08
-6.936814095753176212e+08
-6.916707388229254484e+08
-6.896600680705331564e+08
-6.876493973181409836e+08
-6.856387265657488108e+08
-6.836280558133565187e+08
-6.816173850609642267e+08
-6.796067143085720539e+08
-6.775960435561797619e+08
-6.755853728037875891e+08
-6.735747020513954163e+08
-6.715640312990031242e+08
-6.695533605466109514e+08
-6.675426897942187786e+08
-6.655320190418264866e+08
-6.635213482894343138e+08
-6.615106775370420218e+08
-6.595000067846497297e+08
-6.574893360322575569e+08
-6.554786652798653841e+08
-6.534679945274730921e+08
-6.514573237750809193e+08
-6.494466530226887465e+08
-6.474359822702964544e+08
-6.454253115179042816e+08
-6.434146407655121088e+08
-6.414039700131198168e+08
-6.393932992607275248e+08
-6.373826285083353519e+08
-6.353719577559430599e+08
-6.333612870035508871e+08
-6.313506162511587143e+08
-6.293399454987664223e+08
-6.273292747463742495e+08
-6.253186039939820766e+08
-6.233079332415897846e+08
-6.212972624891976118e+08
-6.192865917368053198e+08
-6.172759209844130278e+08
-6.152652502320208549e+08
-6.132545794796285629e+08
-6.112439087272363901e+08
-6.092332379748442173e+08
-6.072225672224519253e+08
-6.052118964700597525e+08
-6.032012257176674604e+08
-6.011905549652752876e+08
-5.991798842128831148e+08
-5.971692134604908228e+08
-5.951585427080985308e+08
-5.931478719557063580e+08
-5.911372012033140659e+08
-5.891265304509218931e+08
-5.871158596985297203e+08
-5.851051889461374283e+08
-5.830945181937452555e+08
-5.810838474413530827e+08
-5.790731766889607906e+08
-5.770625059365686178e+08
-5.750518351841763258e+08
-5.730411644317840338e+08
-5.710304936793918610e+08
-5.690198229269996881e+08
-5.670091521746073961e+08
-5.649984814222152233e+08
-5.629878106698230505e+08
-5.609771399174307585e+08
-5.589664691650385857e+08
-5.569557984126462936e+08
-5.549451276602541208e+08
-5.529344569078618288e+08
-5.509237861554696560e+08
-5.489131154030773640e+08
-5.469024446506851912e+08
-5.448917738982930183e+08
-5.428811031459007263e+08
-5.408704323935085535e+08
-5.388597616411163807e+08
-5.368490908887240291e+08
-5.348384201363318563e+08
-5.328277493839396834e+08
-5.308170786315473914e+08
-5.288064078791551590e+08
-5.267957371267629862e+08
-5.247850663743706942e+08
-5.227743956219785213e+08
-5.207637248695862889e+08
-5.187530541171940565e+08
-5.167423833648018241e+08
-5.147317126124096513e+08
-5.127210418600173593e+08
-5.107103711076251864e+08
-5.086997003552329540e+08
-5.066890296028406620e+08
-5.046783588504484892e+08
-5.026676880980563164e+08
-5.006570173456640244e+08
-4.986463465932717919e+08
-4.966356758408796191e+08
-4.946250050884873271e+08
-4.926143343360950351e+08
-4.906036635837029219e+08
-4.885929928313106894e+08
-4.865823220789183974e+08
-4.845716513265262842e+08
-4.825609805741339922e+08
-4.805503098217417002e+08
-4.785396390693495870e+08
-4.765289683169572949e+08
-4.745182975645650625e+08
-4.725076268121729493e+08
-4.704969560597806573e+08
-4.684862853073883653e+08
-4.664756145549961925e+08
-4.644649438026039600e+08
-4.624542730502116680e+08
-4.604436022978194952e+08
-4.584329315454273224e+08
-4.564222607930350304e+08
-4.544115900406427979e+08
-4.524009192882506251e+08
-4.503902485358583331e+08
-4.483795777834661603e+08
-4.463689070310739875e+08
-4.443582362786816955e+08
-4.423475655262894630e+08
-4.403368947738972902e+08
-4.383262240215049982e+08
-4.363155532691128254e+08
-4.343048825167205930e+08
-4.322942117643283010e+08
-4.302835410119361281e+08
-4.282728702595439553e+08
-4.262621995071516633e+08
-4.242515287547594905e+08
-4.222408580023672581e+08
-4.202301872499749660e+08
-4.182195164975827932e+08
-4.162088457451906204e+08
-4.141981749927983284e+08
-4.121875042404060960e+08
-4.101768334880138636e+08
-4.081661627356216908e+08
-4.061554919832294583e+08
-4.041448212308372259e+08
-4.021341504784449935e+08
-4.001234797260527611e+08
-3.981128089736605287e+08
-3.961021382212682962e+08
-3.940914674688761234e+08
-3.920807967164838314e+08
-3.900701259640915990e+08
-3.880594552116994262e+08
-3.860487844593071342e+08
-3.840381137069149613e+08
-3.820274429545227289e+08
-3.800167722021304965e+08
-3.780061014497382641e+08
-3.759954306973460913e+08
-3.739847599449537992e+08
-3.719740891925616264e+08
-3.699634184401693940e+08
-3.679527476877771020e+08
-3.659420769353849292e+08
-3.639314061829927564e+08
-3.619207354306004643e+08
-3.599100646782082319e+08
-3.578993939258160591e+08
-3.558887231734237671e+08
-3.538780524210315943e+08
-3.518673816686393619e+08
-3.498567109162471294e+08
-3.478460401638548970e+08
-3.458353694114627242e+08
-3.438246986590704322e+08
-3.418140279066782594e+08
-3.398033571542860270e+08
-3.377926864018937349e+08
-3.357820156495015621e+08
-3.337713448971093893e+08
-3.317606741447170973e+08
-3.297500033923248649e+08
-3.277393326399326921e+08
-3.257286618875404000e+08
-3.237179911351482272e+08
-3.217073203827560544e+08
-3.196966496303637624e+08
-3.176859788779715300e+08
-3.156753081255792379e+08
-3.136646373731870651e+08
-3.116539666207948923e+08
-3.096432958684026003e+08
-3.076326251160103679e+08
-3.056219543636181951e+08
-3.036112836112259030e+08
-3.016006128588337302e+08
-2.995899421064415574e+08
-2.975792713540492654e+08
-2.955686006016570330e+08
-2.935579298492648602e+08
-2.915472590968725681e+08
-2.895365883444803953e+08
-2.875259175920881629e+08
-2.855152468396958709e+08
-2.835045760873036981e+08
-2.814939053349115252e+08
-2.794832345825192332e+08
-2.774725638301270604e+08
-2.754618930777348280e+08
-2.734512223253425360e+08
-2.714405515729503632e+08
-2.694298808205581903e+08
-2.674192100681658685e+08
-2.654085393157736957e+08
-2.633978685633814931e+08
-2.613871978109892011e+08
-2.593765270585970283e+08
-2.573658563062047362e+08
-2.553551855538125336e+08
-2.533445148014203310e+08
-2.513338440490280688e+08
-2.493231732966358662e+08
-2.473125025442436635e+08
-2.453018317918513715e+08
-2.432911610394591987e+08
-2.412804902870669961e+08
-2.392698195346747041e+08
-2.372591487822825313e+08
-2.352484780298903286e+08
-2.332378072774980366e+08
-2.312271365251058340e+08
-2.292164657727136612e+08
-2.272057950203213692e+08
-2.251951242679291666e+08
-2.231844535155369937e+08
-2.211737827631447017e+08
-2.191631120107524991e+08
-2.171524412583602965e+08
-2.151417705059680343e+08
-2.131310997535758317e+08
-2.111204290011836290e+08
-2.091097582487913370e+08
-2.070990874963991642e+08
-2.050884167440069616e+08
-2.030777459916146696e+08
-2.010670752392224967e+08
-1.990564044868302941e+08
-1.970457337344380021e+08
-1.950350629820457995e+08
-1.930243922296536267e+08
-1.910137214772613347e+08
-1.890030507248691320e+08
-1.869923799724768400e+08
-1.849817092200846672e+08
-1.829710384676924646e+08
-1.809603677153001726e+08
-1.789496969629079998e+08
-1.769390262105157971e+08
-1.749283554581235051e+08
-1.729176847057313025e+08
-1.709070139533391297e+08
-1.688963432009468377e+08
-1.668856724485546350e+08
-1.648750016961624324e+08
-1.628643309437701702e+08
-1.608536601913779676e+08
-1.588429894389857650e+08
-1.568323186865935028e+08
-1.548216479342013001e+08
-1.528109771818090975e+08
-1.508003064294168055e+08
-1.487896356770246327e+08
-1.467789649246324301e+08
-1.447682941722401381e+08
-1.427576234198479354e+08
-1.407469526674557626e+08
-1.387362819150634706e+08
-1.367256111626712680e+08
-1.347149404102790952e+08
-1.327042696578868032e+08
-1.306935989054946005e+08
-1.286829281531023234e+08
-1.266722574007101208e+08
-1.246615866483179331e+08
-1.226509158959256411e+08
-1.206402451435334533e+08
-1.186295743911412656e+08
-1.166189036387489736e+08
-1.146082328863567859e+08
-1.125975621339645833e+08
-1.105868913815723062e+08
-1.085762206291801035e+08
-1.065655498767879158e+08
-1.045548791243956238e+08
-1.025442083720034361e+08
-1.005335376196112484e+08
-9.852286686721895635e+07
-9.651219611482676864e+07
-9.450152536243456602e+07
-9.249085461004228890e+07
-9.048018385765008628e+07
-8.846951310525789857e+07
-8.645884235286560655e+07
-8.444817160047341883e+07
-8.243750084808121622e+07
-8.042683009568893909e+07
-7.841615934329675138e+07
-7.640548859090454876e+07
-7.439481783851227164e+07
-7.238414708612006903e+07
-7.037347633372788131e+07
-6.836280558133558929e+07
-6.635213482894340158e+07
-6.434146407655120641e+07
-6.233079332415892184e+07
-6.032012257176672667e+07
-5.830945181937444210e+07
-5.629878106698224694e+07
-5.428811031459005177e+07
-5.227743956219776720e+07
-5.026676880980557203e+07
-4.825609805741338432e+07
-4.624542730502109230e+07
-4.423475655262890458e+07
-4.222408580023670942e+07
-4.021341504784442484e+07
-3.820274429545222968e+07
-3.619207354306003451e+07
-3.418140279066774994e+07
-3.217073203827555850e+07
-3.016006128588336334e+07
-2.814939053349107876e+07
-2.613871978109888360e+07
-2.412804902870669216e+07
-2.211737827631440386e+07
-2.010670752392221242e+07
-1.809603677153001726e+07
-1.608536601913773268e+07
-1.407469526674553938e+07
-1.206402451435334608e+07
-1.005335376196105964e+07
-8.042683009568866342e+06
-6.032012257176673040e+06
-4.021341504784387071e+06
-2.010670752392193535e+06
9.183822502478733441e-08
2.010670752392285503e+06
4.021341504784478806e+06
6.032012257176764309e+06
8.042683009568957612e+06
1.005335376196115091e+07
1.206402451435343735e+07
1.407469526674563065e+07
1.608536601913782395e+07
1.809603677153011039e+07
2.010670752392230183e+07
2.211737827631449699e+07
2.412804902870678157e+07
2.613871978109888360e+07
2.814939053349116817e+07
3.016006128588345647e+07
3.217073203827574104e+07
3.418140279066783935e+07
3.619207354306012392e+07
3.820274429545241594e+07
4.021341504784451425e+07
4.222408580023679882e+07
4.423475655262908340e+07
4.624542730502118915e+07
4.825609805741347373e+07
5.026676880980575830e+07
5.227743956219785661e+07
5.428811031459014863e+07
5.629878106698243320e+07
5.830945181937453151e+07
6.032012257176681608e+07
6.233079332415910065e+07
6.434146407655120641e+07
6.635213482894349098e+07
6.836280558133578300e+07
7.037347633372788131e+07
7.238414708612015843e+07
7.439481783851245046e+07
7.640548859090454876e+07
7.841615934329684079e+07
8.042683009568911791e+07
8.243750084808121622e+07
8.444817160047350824e+07
8.645884235286580026e+07
8.846951310525789857e+07
9.048018385765017569e+07
9.249085461004246771e+07
9.450152536243456602e+07
9.651219611482685804e+07
9.852286686721913517e+07
1.005335376196112484e+08
1.025442083720035255e+08
1.045548791243958175e+08
1.065655498767879158e+08
1.085762206291801929e+08
1.105868913815724850e+08
1.125975621339645833e+08
1.146082328863568753e+08
1.166189036387491524e+08
1.186295743911412656e+08
1.206402451435335428e+08
1.226509158959258348e+08
1.246615866483179331e+08
1.266722574007102102e+08
1.286829281531025022e+08
1.306935989054946005e+08
1.327042696578868926e+08
1.347149404102791846e+08
1.367256111626712680e+08
1.387362819150635600e+08
1.407469526674558520e+08
1.427576234198479354e+08
1.447682941722402275e+08
1.467789649246325195e+08
1.487896356770246327e+08
1.508003064294168949e+08
1.528109771818091869e+08
1.548216479342013001e+08
1.568323186865935922e+08
1.588429894389858544e+08
1.608536601913779676e+08
1.628643309437702596e+08
1.648750016961625516e+08
1.668856724485548139e+08
1.688963432009469271e+08
1.709070139533392191e+08
1.729176847057314813e+08
1.749283554581235945e+08
1.769390262105158865e+08
1.789496969629081786e+08
1.809603677153002620e+08
1.829710384676925540e+08
1.849817092200848460e+08
1.869923799724769294e+08
1.890030507248692214e+08
1.910137214772615135e+08
1.930243922296536267e+08
1.950350629820458889e+08
1.970457337344381809e+08
1.990564044868302941e+08
2.010670752392225862e+08
2.030777459916148484e+08
2.050884167440069616e+08
2.070990874963992536e+08
2.091097582487915456e+08
2.111204290011836290e+08
2.131310997535759211e+08
2.151417705059682131e+08
2.171524412583602965e+08
2.191631120107525885e+08
2.211737827631448805e+08
2.231844535155369937e+08
2.251951242679292560e+08
2.272057950203215480e+08
2.292164657727136612e+08
2.312271365251059234e+08
2.332378072774982154e+08
2.352484780298903286e+08
2.372591487822826207e+08
2.392698195346748829e+08
2.412804902870669961e+08
2.432911610394592881e+08
2.453018317918515801e+08
2.473125025442436635e+08
2.493231732966359556e+08
2.513338440490282476e+08
2.533445148014203310e+08
2.553551855538126230e+08
2.573658563062049150e+08
2.593765270585970283e+08
2.613871978109892905e+08
2.633978685633815825e+08
2.654085393157736957e+08
2.674192100681659579e+08
2.694298808205582500e+08
2.714405515729503632e+08
2.734512223253426552e+08
2.754618930777349472e+08
2.774725638301270604e+08
2.794832345825192928e+08
2.814939053349115849e+08
2.835045760873036981e+08
2.855152468396959901e+08
2.875259175920882821e+08
2.895365883444805741e+08
2.915472590968726873e+08
2.935579298492649198e+08
2.955686006016572118e+08
2.975792713540493250e+08
2.995899421064416170e+08
3.016006128588339090e+08
3.036112836112260222e+08
3.056219543636183143e+08
3.076326251160106063e+08
3.096432958684026599e+08
3.116539666207949519e+08
3.136646373731872439e+08
3.156753081255793571e+08
3.176859788779716492e+08
3.196966496303639412e+08
3.217073203827560544e+08
3.237179911351482868e+08
3.257286618875405788e+08
3.277393326399326921e+08
3.297500033923249841e+08
3.317606741447172761e+08
3.337713448971093893e+08
3.357820156495016813e+08
3.377926864018939137e+08
3.398033571542860270e+08
3.418140279066783190e+08
3.438246986590706110e+08
3.458353694114627242e+08
3.478460401638550162e+08
3.498567109162473083e+08
3.518673816686393619e+08
3.538780524210316539e+08
3.558887231734239459e+08
3.578993939258160591e+08
3.599100646782083511e+08
3.619207354306006432e+08
3.639314061829927564e+08
3.659420769353850484e+08
3.679527476877772808e+08
3.699634184401693940e+08
3.719740891925616860e+08
3.739847599449539781e+08
3.759954306973460913e+08
3.780061014497383833e+08
3.800167722021306753e+08
3.820274429545227289e+08
3.840381137069150209e+08
3.860487844593073130e+08
3.880594552116994262e+08
3.900701259640917182e+08
3.920807967164840102e+08
3.940914674688761234e+08
3.961021382212683558e+08
3.981128089736606479e+08
4.001234797260527611e+08
4.021341504784450531e+08
4.041448212308373451e+08
4.061554919832294583e+08
4.081661627356217504e+08
4.101768334880140424e+08
4.121875042404060960e+08
4.141981749927983880e+08
4.162088457451906800e+08
4.182195164975827932e+08
4.202301872499750853e+08
4.222408580023673773e+08
4.242515287547596693e+08
4.262621995071517229e+08
4.282728702595440149e+08
4.302835410119363070e+08
4.322942117643284202e+08
4.343048825167207122e+08
4.363155532691130042e+08
4.383262240215051174e+08
4.403368947738973498e+08
4.423475655262896419e+08
4.443582362786817551e+08
4.463689070310740471e+08
4.483795777834663391e+08
4.503902485358584523e+08
4.524009192882507443e+08
4.544115900406430364e+08
4.564222607930350900e+08
4.584329315454273820e+08
4.604436022978196740e+08
4.624542730502117872e+08
4.644649438026040792e+08
4.664756145549963713e+08
4.684862853073884249e+08
4.704969560597807169e+08
4.725076268121730089e+08
4.745182975645651221e+08
4.765289683169574142e+08
4.785396390693497062e+08
4.805503098217418194e+08
4.825609805741341114e+08
4.845716513265263438e+08
4.865823220789184570e+08
4.885929928313107491e+08
4.906036635837030411e+08
4.926143343360951543e+08
4.946250050884874463e+08
4.966356758408797383e+08
4.986463465932717919e+08
5.006570173456640840e+08
5.026676880980563760e+08
5.046783588504484892e+08
5.066890296028407812e+08
5.086997003552330732e+08
5.107103711076251864e+08
5.127210418600174189e+08
5.147317126124097109e+08
5.167423833648018241e+08
5.187530541171941161e+08
5.207637248695864081e+08
5.227743956219785213e+08
5.247850663743708134e+08
5.267957371267631054e+08
5.288064078791551590e+08
5.308170786315474510e+08
5.328277493839397430e+08
5.348384201363318563e+08
5.368490908887241483e+08
5.388597616411163807e+08
5.408704323935085535e+08
5.428811031459008455e+08
5.448917738982931376e+08
5.469024446506854296e+08
5.489131154030774832e+08
5.509237861554697752e+08
5.529344569078620672e+08
5.549451276602541208e+08
5.569557984126464128e+08
5.589664691650387049e+08
5.609771399174308777e+08
5.629878106698231697e+08
5.649984814222153425e+08
5.670091521746075153e+08
5.690198229269998074e+08
5.710304936793920994e+08
5.730411644317841530e+08
5.750518351841764450e+08
5.770625059365687370e+08
5.790731766889607906e+08
5.810838474413530827e+08
5.830945181937453747e+08
5.851051889461375475e+08
5.871158596985298395e+08
5.891265304509221315e+08
5.911372012033141851e+08
5.931478719557064772e+08
5.951585427080987692e+08
5.971692134604908228e+08
5.991798842128831148e+08
6.011905549652754068e+08
6.032012257176675797e+08
6.052118964700598717e+08
6.072225672224521637e+08
6.092332379748442173e+08
6.112439087272365093e+08
6.132545794796288013e+08
6.152652502320208549e+08
6.172759209844131470e+08
6.192865917368054390e+08
6.212972624891976118e+08
6.233079332415897846e+08
6.253186039939820766e+08
6.273292747463742495e+08
6.293399454987665415e+08
6.313506162511588335e+08
6.333612870035508871e+08
6.353719577559431791e+08
6.373826285083354712e+08
6.393932992607275248e+08
6.414039700131198168e+08
6.434146407655121088e+08
6.454253115179042816e+08
6.474359822702965736e+08
6.494466530226888657e+08
6.514573237750809193e+08
6.534679945274732113e+08
6.554786652798655033e+08
6.574893360322575569e+08
6.595000067846498489e+08
6.615106775370421410e+08
6.635213482894343138e+08
6.655320190418266058e+08
6.675426897942187786e+08
6.695533605466109514e+08
6.715640312990032434e+08
6.735747020513955355e+08
6.755853728037875891e+08
6.775960435561798811e+08
6.796067143085721731e+08
6.816173850609644651e+08
6.836280558133565187e+08
6.856387265657488108e+08
6.876493973181411028e+08
6.896600680705332756e+08
6.916707388229255676e+08
6.936814095753178596e+08
6.956920803277099133e+08
6.977027510801022053e+08
6.997134218324944973e+08
7.017240925848865509e+08
7.037347633372788429e+08
7.057454340896711349e+08
7.077561048420633078e+08
7.097667755944555998e+08
7.117774463468477726e+08
7.137881170992399454e+08
7.157987878516322374e+08
7.178094586040245295e+08
7.198201293564165831e+08
7.218308001088088751e+08
7.238414708612011671e+08
7.258521416135932207e+08
7.278628123659855127e+08
7.298734831183778048e+08
7.318841538707699776e+08
7.338948246231622696e+08
7.359054953755545616e+08
7.379161661279466152e+08
7.399268368803389072e+08
7.419375076327311993e+08
7.439481783851232529e+08
7.459588491375155449e+08
7.479695198899078369e+08
7.499801906423000097e+08
7.519908613946923018e+08
7.540015321470845938e+08
7.560122028994766474e+08
7.580228736518689394e+08
7.600335444042612314e+08
7.620442151566532850e+08
7.640548859090455770e+08
7.660655566614378691e+08
7.680762274138300419e+08
7.700868981662222147e+08
7.720975689186145067e+08
7.741082396710066795e+08
7.761189104233989716e+08
7.781295811757912636e+08
7.801402519281833172e+08
7.821509226805756092e+08
7.841615934329679012e+08
7.861722641853599548e+08
7.881829349377522469e+08
7.901936056901445389e+08
7.922042764425367117e+08
7.942149471949290037e+08
7.962256179473212957e+08
7.982362886997133493e+08
8.002469594521056414e+08
8.022576302044979334e+08
8.042683009568899870e+08
8.062789717092820406e+08
8.082896424616740942e+08
8.103003132140661478e+08
