-6.032012257176675834e+06
-4.021341504784450401e+06
-2.010670752392225200e+06
2.068012980000000137e-42
2.010670752392225200e+06
4.021341504784450401e+06
6.032012257176675834e+06
8.042683009568900801e+06
1.005335376196112670e+07
1.206402451435335167e+07
1.407469526674557664e+07
1.608536601913780160e+07
1.809603677153002471e+07
2.010670752392225340e+07
2.211737827631447837e+07
2.412804902870670334e+07
2.613871978109892830e+07
2.814939053349115327e+07
3.016006128588337451e+07
3.217073203827560320e+07
3.418140279066783190e+07
3.619207354306004941e+07
3.820274429545227438e+07
4.021341504784450680e+07
4.222408580023673177e+07
4.423475655262895674e+07
4.624542730502117425e+07
4.825609805741340667e+07
5.026676880980563164e+07
5.227743956219785661e+07
5.428811031459007412e+07
5.629878106698230654e+07
5.830945181937453151e+07
6.032012257176674902e+07
6.233079332415897399e+07
6.434146407655120641e+07
6.635213482894343138e+07
6.836280558133566380e+07
7.037347633372788131e+07
7.238414708612009883e+07
7.439481783851233125e+07
7.640548859090454876e+07
7.841615934329678118e+07
8.042683009568901360e+07
8.243750084808123112e+07
8.444817160047346354e+07
8.645884235286568105e+07
8.846951310525791347e+07
9.048018385765013099e+07
9.249085461004234850e+07
9.450152536243458092e+07
9.651219611482681334e+07
9.852286686721903086e+07
1.005335376196112633e+08
1.025442083720034808e+08
1.045548791243957132e+08
1.065655498767879307e+08
1.085762206291801482e+08
1.105868913815723956e+08
1.125975621339646131e+08
1.146082328863568306e+08
1.166189036387490630e+08
1.186295743911412805e+08
1.206402451435334980e+08
1.226509158959257305e+08
1.246615866483179480e+08
1.266722574007101953e+08
1.286829281531024128e+08
1.306935989054946303e+08
1.327042696578868628e+08
1.347149404102790952e+08
1.367256111626713276e+08
1.387362819150635302e+08
1.407469526674557626e+08
1.427576234198479950e+08
1.447682941722401977e+08
1.467789649246324301e+08
1.487896356770246625e+08
1.508003064294168949e+08
1.528109771818090975e+08
1.548216479342013299e+08
1.568323186865935624e+08
1.588429894389857948e+08
1.608536601913780272e+08
1.628643309437702298e+08
1.648750016961624622e+08
1.668856724485546947e+08
1.688963432009469271e+08
1.709070139533391297e+08
1.729176847057313621e+08
1.749283554581235945e+08
1.769390262105158269e+08
1.789496969629080296e+08
1.809603677153002620e+08
1.829710384676924944e+08
1.849817092200846970e+08
1.869923799724769294e+08
1.890030507248691618e+08
1.910137214772613943e+08
1.930243922296536267e+08
1.950350629820458293e+08
1.970457337344380617e+08
1.990564044868302941e+08
2.010670752392225266e+08
2.030777459916147590e+08
2.050884167440069616e+08
2.070990874963991940e+08
2.091097582487914264e+08
2.111204290011836290e+08
2.131310997535758615e+08
2.151417705059681237e+08
2.171524412583602965e+08
2.191631120107525587e+08
2.211737827631447911e+08
2.231844535155369937e+08
2.251951242679292262e+08
2.272057950203214586e+08
2.292164657727136612e+08
2.312271365251058936e+08
2.332378072774981260e+08
2.352484780298903286e+08
2.372591487822825611e+08
2.392698195346747935e+08
2.412804902870669961e+08
2.432911610394592285e+08
2.453018317918514609e+08
2.473125025442437232e+08
2.493231732966358960e+08
2.513338440490281582e+08
2.533445148014203906e+08
2.553551855538125932e+08
2.573658563062048256e+08
2.593765270585970581e+08
2.613871978109892607e+08
2.633978685633814931e+08
2.654085393157737255e+08
2.674192100681659281e+08
2.694298808205581903e+08
2.714405515729504228e+08
2.734512223253426552e+08
2.754618930777348280e+08
2.774725638301270604e+08
2.794832345825192928e+08
2.814939053349115252e+08
2.835045760873037577e+08
2.855152468396959901e+08
2.875259175920881629e+08
2.895365883444803953e+08
2.915472590968726873e+08
2.935579298492648602e+08
2.955686006016570926e+08
2.975792713540493250e+08
2.995899421064415574e+08
3.016006128588337898e+08
3.036112836112260222e+08
3.056219543636181951e+08
3.076326251160104275e+08
3.096432958684026599e+08
3.116539666207948923e+08
3.136646373731871247e+08
3.156753081255793571e+08
3.176859788779715896e+08
3.196966496303637624e+08
3.217073203827560544e+08
3.237179911351482868e+08
3.257286618875404596e+08
3.277393326399326921e+08
3.297500033923249245e+08
3.317606741447171569e+08
3.337713448971093893e+08
3.357820156495016217e+08
3.377926864018938541e+08
3.398033571542860270e+08
3.418140279066782594e+08
3.438246986590705514e+08
3.458353694114627242e+08
3.478460401638549566e+08
3.498567109162471890e+08
3.518673816686393619e+08
3.538780524210316539e+08
3.558887231734238863e+08
3.578993939258160591e+08
3.599100646782082915e+08
3.619207354306005239e+08
3.639314061829927564e+08
3.659420769353849888e+08
3.679527476877772212e+08
3.699634184401693940e+08
3.719740891925616264e+08
3.739847599449538589e+08
3.759954306973461509e+08
3.780061014497383237e+08
3.800167722021305561e+08
3.820274429545227885e+08
3.840381137069150209e+08
3.860487844593072534e+08
3.880594552116994858e+08
3.900701259640916586e+08
3.920807967164838910e+08
3.940914674688761234e+08
3.961021382212683558e+08
3.981128089736605883e+08
4.001234797260528207e+08
4.021341504784450531e+08
4.041448212308372259e+08
4.061554919832295179e+08
4.081661627356217504e+08
4.101768334880139232e+08
4.121875042404061556e+08
4.141981749927983880e+08
4.162088457451906204e+08
4.182195164975828528e+08
4.202301872499750853e+08
4.222408580023672581e+08
4.242515287547595501e+08
4.262621995071517229e+08
4.282728702595439553e+08
4.302835410119362473e+08
4.322942117643284202e+08
4.343048825167205930e+08
4.363155532691128850e+08
4.383262240215051174e+08
4.403368947738972902e+08
4.423475655262895823e+08
4.443582362786817551e+08
4.463689070310739875e+08
4.483795777834662199e+08
4.503902485358584523e+08
4.524009192882506251e+08
4.544115900406429172e+08
4.564222607930350900e+08
4.584329315454273224e+08
4.604436022978196144e+08
4.624542730502117872e+08
4.644649438026039600e+08
4.664756145549962521e+08
4.684862853073884249e+08
4.704969560597806573e+08
4.725076268121729493e+08
4.745182975645651221e+08
4.765289683169572949e+08
4.785396390693495870e+08
4.805503098217418194e+08
4.825609805741339922e+08
4.845716513265262842e+08
4.865823220789184570e+08
4.885929928313107491e+08
4.906036635837029219e+08
4.926143343360951543e+08
4.946250050884874463e+08
4.966356758408796191e+08
4.986463465932717919e+08
5.006570173456640840e+08
5.026676880980563164e+08
5.046783588504484892e+08
5.066890296028407812e+08
5.086997003552329540e+08
5.107103711076251864e+08
5.127210418600174189e+08
5.147317126124096513e+08
5.167423833648018241e+08
5.187530541171941161e+08
5.207637248695862889e+08
5.227743956219785213e+08
5.247850663743708134e+08
5.267957371267629862e+08
5.288064078791551590e+08
5.308170786315474510e+08
5.328277493839396834e+08
5.348384201363318563e+08
5.368490908887241483e+08
5.388597616411163807e+08
5.408704323935085535e+08
5.428811031459008455e+08
5.448917738982930183e+08
5.469024446506853104e+08
5.489131154030774832e+08
5.509237861554696560e+08
5.529344569078619480e+08
5.549451276602541208e+08
5.569557984126462936e+08
5.589664691650385857e+08
5.609771399174308777e+08
5.629878106698230505e+08
5.649984814222153425e+08
5.670091521746075153e+08
5.690198229269996881e+08
5.710304936793919802e+08
5.730411644317841530e+08
5.750518351841763258e+08
5.770625059365686178e+08
5.790731766889607906e+08
5.810838474413530827e+08
5.830945181937453747e+08
5.851051889461375475e+08
5.871158596985297203e+08
5.891265304509220123e+08
5.911372012033141851e+08
5.931478719557063580e+08
5.951585427080986500e+08
5.971692134604908228e+08
5.991798842128831148e+08
6.011905549652752876e+08
6.032012257176675797e+08
6.052118964700597525e+08
6.072225672224520445e+08
6.092332379748442173e+08
6.112439087272363901e+08
6.132545794796286821e+08
6.152652502320208549e+08
6.172759209844131470e+08
6.192865917368053198e+08
6.212972624891976118e+08
6.233079332415897846e+08
6.253186039939820766e+08
6.273292747463742495e+08
6.293399454987665415e+08
6.313506162511587143e+08
6.333612870035508871e+08
6.353719577559431791e+08
6.373826285083353519e+08
6.393932992607275248e+08
6.414039700131198168e+08
6.434146407655121088e+08
6.454253115179042816e+08
6.474359822702965736e+08
6.494466530226887465e+08
6.514573237750809193e+08
6.534679945274732113e+08
6.554786652798653841e+08
6.574893360322575569e+08
6.595000067846498489e+08
6.615106775370420218e+08
6.635213482894343138e+08
6.655320190418266058e+08
6.675426897942187786e+08
6.695533605466109514e+08
6.715640312990032434e+08
6.735747020513954163e+08
6.755853728037877083e+08
6.775960435561798811e+08
6.796067143085720539e+08
6.816173850609643459e+08
6.836280558133565187e+08
6.856387265657488108e+08
6.876493973181411028e+08
6.896600680705332756e+08
6.916707388229254484e+08
6.936814095753177404e+08
6.956920803277099133e+08
6.977027510801020861e+08
6.997134218324943781e+08
7.017240925848865509e+08
7.037347633372787237e+08
7.057454340896710157e+08
7.077561048420633078e+08
7.097667755944554806e+08
7.117774463468477726e+08
7.137881170992399454e+08
7.157987878516321182e+08
7.178094586040244102e+08
7.198201293564165831e+08
7.218308001088087559e+08
7.238414708612010479e+08
7.258521416135932207e+08
7.278628123659855127e+08
7.298734831183778048e+08
7.318841538707699776e+08
7.338948246231621504e+08
7.359054953755544424e+08
7.379161661279466152e+08
7.399268368803387880e+08
7.419375076327310801e+08
7.439481783851232529e+08
7.459588491375155449e+08
7.479695198899077177e+08
7.499801906423000097e+08
7.519908613946923018e+08
7.540015321470844746e+08
7.560122028994766474e+08
7.580228736518689394e+08
7.600335444042611122e+08
7.620442151566532850e+08
7.640548859090455770e+08
7.660655566614377499e+08
7.680762274138300419e+08
7.700868981662222147e+08
7.720975689186145067e+08
7.741082396710066795e+08
7.761189104233989716e+08
7.781295811757911444e+08
7.801402519281833172e+08
7.821509226805756092e+08
7.841615934329677820e+08
7.861722641853599548e+08
7.881829349377522469e+08
7.901936056901445389e+08
7.922042764425367117e+08
7.942149471949290037e+08
7.962256179473211765e+08
7.982362886997133493e+08
8.002469594521056414e+08
8.022576302044978142e+08
8.042683009568899870e+08
8.062789717092821598e+08
8.082896424616743326e+08
8.103003132140665054e+08
