0.000000000000000000e+00
3.111749444999999469e+04
6.223498889999998937e+04
1.037249814999999799e+05
1.077776375163943740e+05
1.119886355305380275e+05
1.163641621489798272e+05
1.209106456962029042e+05
1.256347656588258542e+05
1.305434624988010764e+05
1.356439478500249679e+05
1.409437151133422449e+05
1.464505504655092082e+05
1.521725442982902750e+05
1.581181031044926785e+05
1.642959618284037570e+05
1.707151966987727792e+05
1.773852385631931829e+05
1.843158867434744025e+05
1.915173234323592915e+05
1.990001286527383490e+05
2.067752958013367315e+05
2.148542477997134847e+05
2.232488538762968674e+05
2.319714470041146269e+05
2.410348420198366803e+05
2.504523544507485931e+05
2.602378200773196295e+05
2.704056152601002250e+05
2.809706780608168337e+05
2.919485301886919187e+05
3.033552998042324325e+05
3.152077452139888192e+05
3.275232794910965604e+05
3.403199960577687016e+05
3.536166952673301566e+05
3.674329120248394902e+05
3.817889444868821301e+05
3.967058838826984284e+05
4.122056455004555755e+05
4.283110008841935778e+05
4.450456112887394847e+05
4.624340624417457148e+05
4.805019006639220752e+05
4.992756704005267238e+05
5.187829532192567131e+05
5.390524083318316843e+05
5.601138146988010267e+05
5.819981147794398712e+05
6.047374599909989629e+05
6.283652579441042617e+05
6.529162215236971388e+05
6.784264198876225855e+05
7.049333314577969722e+05
7.324758989817968104e+05
7.610945867457706481e+05
7.908314400227263104e+05
8.217301468435314018e+05
8.538361021813791012e+05
8.871964746440165909e+05
9.218602757717127679e+05
9.578784320427863859e+05
9.953038596924659796e+05
1.034191542455015704e+06
1.074598612343329005e+06
1.116584433584687766e+06
1.160210689835977741e+06
1.205541474806508981e+06
1.252643386421577074e+06
1.301585624665100127e+06
1.352440093245086959e+06
1.405281505231288960e+06
1.460187492820243118e+06
1.517238721388953738e+06
1.576519008004801115e+06
1.638115444565753918e+06
1.702118525751824258e+06
1.768622281975723570e+06
1.837724417528074468e+06
1.909526454120098380e+06
1.984133880034693982e+06
2.061656305105018429e+06
2.142207621748264879e+06
2.225906172291211784e+06
2.312874922833388206e+06
2.403241643903264310e+06
2.497139098172890954e+06
2.594705235506779049e+06
2.696083395631557330e+06
2.801422518724167719e+06
2.910877364227998536e+06
3.024608738218409941e+06
3.142783729651691858e+06
3.265575955844562501e+06
3.393165817544815596e+06
3.525740763967890292e+06
3.663495568188717589e+06
3.806632613293460570e+06
3.955362189711529296e+06
4.109902804164695553e+06
4.270481500687232241e+06
4.437334194188664667e+06
4.610706017049208283e+06
4.790851679257114418e+06
4.978035842616977170e+06
5.172533509578802623e+06
5.374630427259102464e+06
5.584623507247531787e+06
5.802821261815890670e+06
6.029544257170287892e+06
6.265125584412436932e+06
6.509911348901927471e+06
6.764261178738449700e+06
7.028548753111045808e+06
7.303162351290545426e+06
7.588505423071788624e+06
7.884997181503707543e+06
8.193073218778047711e+06
8.513186146181562915e+06
8.845806259051943198e+06
9.191422227714288980e+06
9.550541815413298085e+06
9.923692624295927584e+06
1.031142287054043636e+07
1.071430218977060914e+07
1.113292247393852100e+07
1.156789874090521224e+07
1.201987003799694031e+07
1.248950038086442277e+07
1.297747972902434506e+07
1.348452499951655231e+07
1.401138112016586028e+07
1.455882212399611808e+07
1.512765228640427813e+07
1.571870730676519871e+07
1.633285553620311804e+07
1.697099925333353877e+07
1.763407598984996229e+07
1.832305990790273622e+07
1.903896323129370436e+07
1.978283773258936033e+07
2.055577627833722532e+07
2.135891443465553224e+07
2.219343213555538282e+07
2.306055541644600406e+07
2.396155821537015587e+07
2.489776424461590871e+07
2.587054893545445427e+07
2.688134145886114985e+07
2.793162682518830895e+07
2.902294806587498263e+07
3.015690850039836392e+07
3.133517409179781377e+07
3.255947589423187450e+07
3.383161259616428614e+07
3.515345316291502118e+07
3.652693958245924115e+07
3.795408971850749105e+07
3.943700027505920827e+07
4.097784987678476423e+07
4.257890226976168901e+07
4.424250964726715535e+07
4.597111610551351309e+07
4.776726123440296948e+07
4.963358384857750684e+07
5.157282586424518377e+07
5.358783632747860253e+07
5.568157559990373254e+07
5.785711970792816579e+07
6.011766486189943552e+07
6.246653215183149278e+07
6.490717242659898847e+07
6.744317136376731098e+07
7.007825473750689626e+07
7.281629389233070612e+07
7.566131143069773912e+07
7.861748712283711135e+07
8.168916404747627676e+07
8.488085497249448299e+07
8.819724898487605155e+07
9.164321837970300019e+07
9.522382581830973923e+07
9.894433176611426473e+07
1.028102022210544199e+08
1.068271167439832985e+08
1.110009768028213829e+08
1.153379144427246451e+08
1.198443012950056344e+08
1.245267579380447716e+08
1.293921636239421815e+08
1.344476663852018118e+08
1.397006935362953544e+08
1.451589625855344534e+08
1.508304925732822418e+08
1.567236158531628847e+08
1.628469903335758150e+08
1.692096121975004971e+08
1.758208291192789972e+08
1.826903539977933764e+08
1.898282792262148261e+08
1.972450915192872882e+08
2.049516873199324608e+08
2.129593888078069687e+08
2.212799605333333313e+08
2.299256267016413510e+08
2.389090891318145096e+08
2.482435459178236723e+08
