Time, Max density, Central density
   4.6616435964252486E-007    49999997938.56022         49999944319.60624     
   9.3232871906326018E-007    49999997959.90005         49999944765.17582     
   1.3984930779747217E-006    49999998396.59136         49999945459.46406     
   1.8646574361168697E-006    49999999680.34898         49999946411.27341     
   2.3308217932113694E-006    50000005045.68797         49999947627.99663     
   2.7969861489498011E-006    50000014207.88792         49999949122.57123     
   3.2631505029969444E-006    50000024197.38976         49999950911.41650     
   3.7293148549912627E-006    50000034740.83366         49999953010.35301     
   4.1954792045459028E-006    50000045613.34696         49999955431.35158     
   4.6616435512562983E-006    50000056698.58548         49999958182.64699     
   5.1278078947105983E-006    50000067982.18990         49999961271.55526     
   5.5939722344944529E-006    50000079510.79723         49999964706.39941     
   6.0601365701884395E-006    50000091308.36272         49999968495.60783     
   6.5263009013631165E-006    50000103347.73064         49999972647.16139     
   6.9924652275750792E-006    50000115619.56804         49999977167.99584     
   7.4586295483634128E-006    50000128116.18346         49999982065.11385     
   7.9247938632456135E-006    50000140830.71040         49999987345.56687     
   8.3909581717069038E-006    50000153752.72038         49999993016.15977     
   8.8571224731076138E-006    50000166866.51844         49999999083.01317     
   9.3232867642093095E-006    50000180148.92686         50000005551.53680     
   9.7894510472411003E-006    50000193568.21427         50000012426.88828     
   1.0255615321686598E-005    50000207088.33405         50000019714.84419     
   1.0721779586966004E-005    50000220671.45722         50000027418.76059     
   1.1187943842468613E-005    50000234282.19056         50000035540.47960     
   1.1654108087559301E-005    50000247892.67065         50000044079.37594     
   1.2120272321582708E-005    50000261488.33668         50000053031.54573     
   1.2586436543866109E-005    50000275074.75288         50000062389.35508     
   1.3052600753721818E-005    50000288684.21824         50000072141.60391     
   1.3518764950450537E-005    50000302382.13343         50000082274.49641     
   1.3984929133347882E-005    50000316270.65427         50000092773.43628     
   1.4451093301713299E-005    50000330486.67720         50000103625.36799     
   1.4917257454859602E-005    50000345193.53373         50000114821.06030     
   1.5383421592128451E-005    50000360570.33634         50000126356.58338     
   1.5849585712888469E-005    50000376783.14285         50000138233.41914     
   1.6315749816539766E-005    50000393997.37403         50000150457.11192     
   1.6781913902523212E-005    50000412262.32607         50000163034.97147     
   1.7248077970302244E-005    50000431520.68706         50000175974.80903     
   1.7714242019351208E-005    50000451650.77818         50000189288.12092     
   1.8180406049141405E-005    50000472464.31853         50000202992.13557     
   1.8646570059127318E-005    50000493760.58957         50000217103.00313     
   1.9112734048737897E-005    50000515361.26595         50000231632.47636     
   1.9578898017370509E-005    50000537132.05253         50000246590.51134     
   2.0045061964391265E-005    50000558938.52842         50000261984.21127     
   2.0511225889139297E-005    50000580697.08818         50000277820.18131     
   2.0977389790928944E-005    50000602369.99006         50000294104.04615     
   2.1443553669054741E-005    50000623984.15368         50000310839.80327     
   2.1909717522800059E-005    50000645611.86188         50000328029.55808     
   2.2375881351438728E-005    50000667335.77391         50000345675.88327     
   2.2842045154239461E-005    50000689234.50338         50000363785.05154     
   2.3308208930456745E-005    50000711374.89374         50000382365.76652     
   2.3774372679325395E-005    50000733816.08603         50000401425.37889     
   2.4240536400071453E-005    50000756609.54920         50000420966.36427     
   2.4706700091911347E-005    50000779786.43843         50000440990.42863     
   2.5172863754054682E-005    50000803344.32392         50000461500.96112     
   2.5639027385705008E-005    50000827267.20488         50000482501.51971     
   2.6105190986057147E-005    50000851544.82198         50000503995.06891     
   2.6571354554292460E-005    50000876158.19012         50000525985.49361     
   2.7037518089584843E-005    50000901080.74734         50000548477.04399     
   2.7503681591107513E-005    50000926260.55264         50000571472.87057     
   2.7969845058025495E-005    50000951653.61936         50000594974.52809     
   2.8436008489493871E-005    50000977231.40307         50000618981.99815     
   2.8902171884645035E-005    50001002983.72160         50000643494.21423     
   2.9368335242608695E-005    50001028907.69626         50000668509.13657     
   2.9834498562520176E-005    50001055010.35002         50000694025.89046     
   3.0300661843504360E-005    50001081306.96820         50000720045.17230     
   3.0766825084679910E-005    50001107818.59531         50000746568.58322     
   3.1232988285164617E-005    50001134565.92007         50000773597.91429     
   3.1699151444076967E-005    50001161564.33148         50000801134.72272     
   3.2165314560537077E-005    50001188819.10133         50000829180.21409     
   3.2631477633667582E-005    50001216316.57281         50000857735.26228     
   3.3097640662594554E-005    50001244460.33481         50000886800.55448     
   3.3563803646448112E-005    50001273262.24126         50000916376.61451     
   3.4029966584363258E-005    50001301790.62547         50000946462.77161     
   3.4496129475481338E-005    50001329788.03661         50000977056.04269     
   3.4962292318951673E-005    50001357009.34902         50001008150.61915     
   3.5428455113933566E-005    50001383227.01984         50001039738.77228     
   3.5894617859597224E-005    50001408229.66967         50001071812.88216     
   3.6360780555118686E-005    50001431811.42902         50001104365.98820     
   3.6826943199687613E-005    50001453670.93197         50001137389.03848     
   3.7293105792523664E-005    50001473098.58481         50001170868.32135     
   3.7759268332875114E-005    50001489082.35300         50001204778.86221     
   3.8225430820025251E-005    50001500715.54871         50001239075.72504     
   3.8691593253314745E-005    50001507409.57469         50001273691.25064     
   3.9157755632185449E-005    50001508911.61195         50001308535.44734     
   3.9623917956218183E-005    50001505162.54946         50001343490.24578     
   4.0090080225171067E-005    50001495843.12057         50001378414.32928     
   4.0556242439017337E-005    50001480059.72627         50001413143.94100     
   4.1022404597976346E-005    50001459688.75248         50001447494.32790     
   4.1488566702557758E-005    50001481118.19566         50001481118.19566     
   4.1954728753795433E-005    50001513553.07478         50001513553.07478     
   4.2420890753354862E-005    50001544303.18880         50001544303.18880     
   4.2887052703720970E-005    50001573201.66560         50001573201.66560     
   4.3353214607786548E-005    50001600307.63132         50001600307.63132     
   4.3819376468159179E-005    50001624623.03888         50001624623.03888     
   4.4285538289074996E-005    50001646432.97116         50001646432.97116     
   4.4751700074403815E-005    50001665721.82576         50001665721.82576     
   4.5217861828001289E-005    50001683399.68434         50001682476.64117     
   4.5684023553774313E-005    50001698915.85923         50001696808.83399     
   4.6150185255511327E-005    50001712232.82207         50001708979.10250     
   4.6616346936648005E-005    50001723642.01551         50001719314.82374     
   4.7082508600133764E-005    50001733472.70879         50001728141.14571     
   4.7548670248402270E-005    50001742009.52474         50001735730.03642     
   4.8014831883445035E-005    50001749402.01373         50001742202.04935     
   4.8480993507021548E-005    50001755635.61632         50001747529.38873     
   4.8947155120915303E-005    50001760866.73023         50001751887.26221     
   4.9413316726673320E-005    50001765200.79233         50001755319.50207     
   4.9879478325685261E-005    50001768388.44693         50001757538.39315     
   5.0345639919726990E-005    50001770169.06992         50001758319.85089     
   5.0811801510976823E-005    50001770446.05202         50001757619.64577     
   5.1277963101760897E-005    50001769241.27782         50001755485.80062     
   5.1744124694369547E-005    50001766635.79913         50001752012.07945     
   5.2210286290965581E-005    50001762757.66113         50001747334.70818     
   5.2676447893509433E-005    50001757765.25046         50001741616.10725     
   5.3142609503718987E-005    50001751810.73709         50001735010.73113     
   5.3608771123079743E-005    50001745039.70221         50001727679.52068     
   5.4074932752852283E-005    50001737660.19826         50001719874.25591     
   5.4541094393977042E-005    50001730041.47304         50001712046.81487     
   5.5007256046826526E-005    50001722803.39815         50001704960.56335     
   5.5473417710817767E-005    50001716921.91382         50001699734.21256     
   5.5939579383856207E-005    50001713429.03345         50001697020.01516     
   5.6405741062242989E-005    50001711876.80708         50001695538.96225     
   5.6871902742964073E-005    50001710389.41107         50001693552.07404     
   5.7338064425917684E-005    50001707931.72623         50001690580.02440     
   5.7804226112611569E-005    50001704756.53369         50001687279.90187     
   5.8270387804159272E-005    50001702045.50589         50001685033.16608     
   5.8736549499846817E-005    50001701218.16791         50001685040.17896     
   5.9202711196766233E-005    50001702822.77910         50001687392.60876     
   5.9668872891166139E-005    50001706349.32548         50001691392.26182     
   6.0135034580082009E-005    50001711018.65262         50001696315.34657     
   6.0601196261751525E-005    50001716257.30793         50001701683.08065     
   6.1067357935294187E-005    50001721718.66891         50001707213.82800     
   6.1533519600365550E-005    50001727207.17098         50001712745.82670     
   6.1999681256923514E-005    50001732608.15579         50001718183.39479     
   6.2465842905106924E-005    50001737847.46627         50001723466.40844     
   6.2932004545167207E-005    50001742879.83196         50001728552.93673     
   6.3398166177425978E-005    50001747674.16894         50001733410.24952     
   6.3864327802250659E-005    50001752207.60978         50001738014.09826     
   6.4330489420041565E-005    50001756462.20016         50001742345.94177     
   6.4796651031225004E-005    50001760422.82641         50001746389.67229     
   6.5262812636252004E-005    50001764076.14451         50001750131.18361     
   6.5728974235595603E-005    50001767410.34438         50001753557.64394     
   6.6195135829746728E-005    50001770415.43740         50001756658.81747     
   6.6661297419211835E-005    50001773081.51564         50001759429.06053     
   6.7127459004514488E-005    50001775399.46392         50001761860.88361     
   6.7593620586193316E-005    50001777360.82786         50001763945.76299     
   6.8059782164801399E-005    50001778957.63080         50001765674.75223     
   6.8525943740902197E-005    50001780182.25830         50001767038.46042     
   6.8992105315070283E-005    50001781027.37222         50001768029.34325     
   6.9458266887890583E-005    50001781485.86620         50001768642.70742     
   6.9924428459957675E-005    50001781550.90620         50001768874.60190     
   7.0390590031880310E-005    50001781216.05838         50001768720.84278     
   7.0856751604278111E-005    50001780475.37174         50001768177.18863     
   7.1322913177779629E-005    50001779323.41321         50001767239.65493     
   7.1789074753019489E-005    50001777755.23282         50001765904.63435     
   7.2255236330635839E-005    50001775766.33451         50001764168.95993     
   7.2721397911277262E-005    50001773352.78709         50001762029.61945     
   7.3187559495573151E-005    50001770510.98873         50001759483.28781     
   7.3653721084172591E-005    50001767237.39920         50001756525.74774     
   7.4119882677739873E-005    50001763528.56533         50001753151.78926     
   7.4586044276959940E-005    50001759380.58940         50001749355.53339     
   7.5052205882510326E-005    50001754789.66721         50001745130.83284     
   7.5518367495072938E-005    50001749761.09256         50001740471.41405     
   7.5984529115349485E-005    50001744293.37819         50001735368.59906     
   7.6450690744037423E-005    50001738368.42540         50001729815.09256     
   7.6916852381843297E-005    50001731980.76318         50001723804.41755     
   7.7383014029481340E-005    50001725125.17810         50001717330.58385     
   7.7849175687673658E-005    50001717796.90694         50001710388.09113     
   7.8315337357150568E-005    50001709991.74735         50001702971.55659     
   7.8781499038649871E-005    50001701706.12794         50001695075.52292     
   7.9247660732914584E-005    50001692937.13559         50001686694.61382     
   7.9713822440691072E-005    50001683682.42571         50001677823.88501     
   8.0179984162728491E-005    50001673939.98678         50001668459.03370     
   8.0646145899779020E-005    50001663707.95582         50001658596.28745     
   8.1112307652598254E-005    50001652984.54981         50001648232.32963     
   8.1578469421944889E-005    50001641768.06985         50001637365.01886     
   8.2044631208580280E-005    50001630056.94643         50001625993.87968     
   8.2510793013267908E-005    50001617849.83418         50001614119.16230     
   8.2976954836773260E-005    50001605145.73923         50001601740.94697     
   8.3443116679863546E-005    50001591944.12924         50001588859.06784     
   8.3909278543307450E-005    50001578244.92694         50001575473.16870     
   8.4375440427874310E-005    50001564056.63691         50001561582.74171     
   8.4841602334333774E-005    50001549372.09281         50001547187.42332     
   8.5307764263461329E-005    50001534190.56654         50001532286.91914     
   8.5773926216013859E-005    50001518512.37740         50001516880.79953     
   8.6240088192749938E-005    50001502337.70610         50001500968.25732     
   8.6706250194435854E-005    50001485713.04392         50001484555.70419     
   8.7172412221775918E-005    50001468838.14510         50001467803.86855     
   8.7638574275156160E-005    50001451735.23640         50001450809.21129     
   8.8104736354930151E-005    50001434410.72501         50001433573.88583     
   8.8570898461445691E-005    50001416860.08262         50001416099.87859     
   8.9037060595045998E-005    50001399085.45363         50001398388.65321     
   8.9503222756073827E-005    50001381088.87052         50001380441.14526     
   8.9969384944870907E-005    50001362872.22701         50001362258.33625     
   9.0435547161775982E-005    50001344437.39824         50001343844.10217     
   9.0901709407125385E-005    50001325786.35278         50001325202.49426     
   9.1367871681252049E-005    50001306921.21042         50001306336.12433     
   9.1834033984485949E-005    50001287844.29342         50001287248.65934     
   9.2300196317154204E-005    50001268579.80474         50001267941.04826     
   9.2766358679580895E-005    50001249105.91036         50001248412.71665     
   9.3232521072087081E-005    50001229424.14116         50001228669.51538     
   9.3698683494990935E-005    50001209536.24191         50001208713.57695     
   9.4164845948607593E-005    50001189445.99613         50001188545.31055     
   9.4631008433248697E-005    50001169154.97192         50001168166.58284     
   9.5097170949218622E-005    50001148664.22257         50001147580.42102     
   9.5563333496819901E-005    50001127975.50183         50001126791.07298     
   9.6029496076347506E-005    50001107092.21840         50001105801.82649     
   9.6495658688088289E-005    50001086016.96442         50001084615.53928     
   9.6961821332328018E-005    50001064766.37913         50001063235.76254     
   9.7427984009349495E-005    50001043348.01077         50001041665.73814     
   9.7894146719429461E-005    50001021753.51435         50001019907.97576     
   9.8360309462843941E-005    50000999984.76036         50000997964.34923     
   9.8826472239871047E-005    50000978040.24442         50000975836.41386     
   9.9292635050787060E-005    50000955921.62148         50000953525.63690     
   9.9758797895861554E-005    50000933630.79020         50000931033.45635     
   1.0022496077536230E-004    50000911169.99338         50000908361.18645     
   1.0069112368955777E-004    50000888547.84041         50000885509.92707     
   1.0115728663871329E-004    50000865757.57882         50000862480.60587     
   1.0162344962309911E-004    50000842800.28351         50000839274.23795     
   1.0208961264295978E-004    50000819675.86637         50000815892.31014     
   1.0255577569854630E-004    50000796383.58818         50000792336.96224     
   1.0302193879011611E-004    50000772922.85024         50000768610.83247     
   1.0348810191792933E-004    50000749293.50613         50000744716.95422     
   1.0395426508224851E-004    50000725495.62772         50000720657.85904     
   1.0442042828333660E-004    50000701529.51470         50000696435.55533     
   1.0488659152145700E-004    50000677395.54214         50000672051.64780     
   1.0535275479687304E-004    50000653093.96561         50000647507.23221     
   1.0581891810984745E-004    50000628624.93636         50000622802.64279     
   1.0628508146064235E-004    50000603989.01372         50000597937.19963     
   1.0675124484952029E-004    50000579194.15002         50000572909.65063     
   1.0721740827674507E-004    50000554231.05099         50000547718.84265     
   1.0768357174258220E-004    50000529097.96136         50000522363.62519     
   1.0814973524729927E-004    50000503792.32663         50000496842.66029     
   1.0861589879116574E-004    50000478310.83310         50000471154.74078     
   1.0908206237445125E-004    50000452649.60057         50000445299.22601     
   1.0954822599742783E-004    50000426804.26434         50000419274.84633     
   1.1001438966037566E-004    50000400769.98846         50000393077.18893     
   1.1048055336358241E-004    50000374541.33909         50000366699.16664     
   1.1094671710734818E-004    50000348112.17587         50000340132.81720     
   1.1141288089198277E-004    50000321475.52734         50000313369.72359     
   1.1187904471780525E-004    50000294623.40351         50000286400.85221     
   1.1234520858514951E-004    50000267546.66625         50000259216.55261     
   1.1281137249436534E-004    50000240235.15096         50000231806.66594     
   1.1327753644581849E-004    50000212677.09620         50000204160.58527     
   1.1374370043989287E-004    50000184859.20748         50000176266.73999     
   1.1420986447699315E-004    50000156766.51265         50000148112.12766     
   1.1467602855754742E-004    50000128382.14554         50000119681.93363     
   1.1514219268200990E-004    50000099687.09656         50000090959.22077     
   1.1560835685086412E-004    50000070659.91288         50000061924.61935     
   1.1607452106462646E-004    50000041276.32938         50000032555.97273     
   1.1654068532385060E-004    50000011508.80579         50000002827.91960     
   1.1700684962913250E-004    49999981325.95026         49999972711.39626     
   1.1747301398111663E-004    49999950691.80472         49999942173.04739     
   1.1793917838050311E-004    49999919564.97818         49999911174.52738     
   1.1840534282805622E-004    49999887897.61166         49999879671.66698     
   1.1887150732461414E-004    49999855634.13508         49999847613.45741     
   1.1933767187110062E-004    49999822709.75533         49999814940.74081     
   1.1980383646853874E-004    49999789048.57052         49999781584.54263     
   1.2027000111806759E-004    49999754561.17610         49999747463.94785     
   1.2073616582096344E-004    49999719141.52013         49999712483.37139     
   1.2120233057866483E-004    49999682662.87501         49999676529.05596     
   1.2166849539280405E-004    49999644972.47261         49999639464.54659     
   1.2213466026525131E-004    49999605884.59341         49999601125.47528     
   1.2260082519816243E-004    49999565171.70441         49999561312.83388     
   1.2306699019404461E-004    49999522554.32700         49999519778.19193     
   1.2353315525584732E-004    49999477665.91491         49999476213.54894     
   1.2399932038707328E-004    49999430911.50797         49999430228.84073     
   1.2446548559192966E-004    49999382037.36117         49999381320.36290     
   1.2493165087554687E-004    49999329587.04562         49999328828.89878     
   1.2539781624427225E-004    49999272686.23824         49999271880.43398     
   1.2586398170607855E-004    49999210158.11178         49999209297.17243     
   1.2633014727115403E-004    49999140400.72662         49999139473.59924     
   1.2679631295270708E-004    49999061231.45393         49999060219.74142     
   1.2726247876802542E-004    49998969730.90441         49998968606.78974     
   1.2772864473974198E-004    49998862108.84238         49998860835.69386     
   1.2819481089765489E-004    49998732865.00597         49998731385.63290     
   1.2866097728415823E-004    49998579538.37581         49998570744.17596     
   1.2912714394824309E-004    49998603012.52544         49998387294.22308     
   1.2959331088273847E-004    49998626681.18537         49998222785.76835     
   1.3005947804447065E-004    49998650496.48158         49998083877.80696     
   1.3052564540540429E-004    49998701805.68043         49997957696.87698     
   1.3099181295844921E-004    49998755538.66251         49997830817.76643     
   1.3145798071587884E-004    49998826118.32153         49997692370.31139     
   1.3192414869937964E-004    49998899182.75555         49997540599.50887     
   1.3239031692221782E-004    49998993741.50121         49997384649.55122     
   1.3285648537929195E-004    49999260713.53307         49997236232.10487     
   1.3332265404895566E-004    49999511797.59677         49997105688.32648     
   1.3378882290038819E-004    49999669415.80201         49996995389.03193     
   1.3425499189577812E-004    49999737388.60675         49996916359.52338     
   1.3472116097839853E-004    49999758190.08341         49996871663.78373     
   1.3518733010033603E-004    49999729357.65987         49996855383.91688     
   1.3565349922476199E-004    49999661245.52505         49996860169.37402     
   1.3611966832564025E-004    49999680854.33727         49996879178.45778     
   1.3658583738638888E-004    49999707397.29599         49996906824.72128     
   1.3705200639833117E-004    49999687586.77824         49996938354.72810     
   1.3751817535966404E-004    49999690395.43313         49996969950.13609     
   1.3798434427370499E-004    49999732362.86662         49996998520.75925     
   1.3845051314702133E-004    49999720179.17981         49997022512.23380     
   1.3891668198676198E-004    49999712362.46845         49997042222.26151     
   1.3938285079831010E-004    49999770882.11591         49997059077.22793     
   1.3984901958491680E-004    49999790442.86359         49997074589.03999     
   1.4031518834761207E-004    49999759711.82140         49997090012.10360     
   1.4078135708540999E-004    49999807035.01761         49997106691.18932     
   1.4124752579548297E-004    49999847444.70773         49997125474.12708     
   1.4171369447451470E-004    49999842987.35271         49997146568.04294     
   1.4217986311887163E-004    49999837486.08954         49997170085.31734     
   1.4264603172483461E-004    49999902018.93370         49997196229.01005     
   1.4311220028861272E-004    49999932826.37377         49997224960.24819     
   1.4357836880637227E-004    49999922123.74511         49997256251.67479     
   1.4404453727431428E-004    49999936351.05822         49997290020.39389     
   1.4451070568878468E-004    49999994724.63103         49997326140.27425     
   1.4497687404645807E-004    50000018544.65531         49997364372.58439     
   1.4544304234453742E-004    50000006857.43050         49997404523.29058     
   1.4590921058045103E-004    50000035863.55008         49997446966.20264     
   1.4637537875068516E-004    50000096936.91283         49997493009.59454     
   1.4684154685069115E-004    50000128785.09821         49997540533.67480     
   1.4730771488123763E-004    50000127908.28996         49997598093.72021     
   1.4777388282929648E-004    50000137633.37247         49997642216.43015     
   1.4824005070360091E-004    50000203411.47806         49997680224.80825     
   1.4870621852331627E-004    50000242590.51601         49997724315.40146     
   1.4917238628379219E-004    50000252516.89377         49997762248.16166     
   1.4963855399397331E-004    50000250250.87701         49997795849.97481     
   1.5010472165828134E-004    50000324896.38045         49997826779.08347     
   1.5057088927661769E-004    50000379765.29397         49997858738.94425     
   1.5103705684608570E-004    50000408806.25708         49997892962.45866     
   1.5150322436307829E-004    50000412105.23170         49997929756.11318     
   1.5196939182372799E-004    50000456236.61459         49997969099.00340     
   1.5243555922437324E-004    50000522676.11836         49998010707.25689     
   1.5290172656183361E-004    50000567516.25207         49998054166.37460     
   1.5336789383356471E-004    50000588377.14648         49998098921.11862     
   1.5383406103785133E-004    50000593497.91959         49998144286.58550     
   1.5430022817389244E-004    50000669496.89504         49998189435.75240     
   1.5476639524178819E-004    50000731041.61285         49998233336.18173     
   1.5523256224258910E-004    50000773036.25363         49998274596.44408     
   1.5569872917846198E-004    50000794464.53786         49998311023.61360     
   1.5616489605336460E-004    50000841741.72351         49998339955.97501     
   1.5663106287451117E-004    50001128360.56892         49998361867.51054     
   1.5709722965346449E-004    50001443255.67008         49998381820.84578     
   1.5756339640120195E-004    50001752143.41547         49998403738.23702     
   1.5802956312047813E-004    50002054348.49803         49998427431.16150     
   1.5849572980811306E-004    50002377041.69932         49998449401.81998     
   1.5896189646219760E-004    50002747369.83627         49998466255.12893     
   1.5942806308711589E-004    50003164488.42661         49998478029.39655     
   1.5989422969163504E-004    50003611007.41231         49998486712.60268     
   1.6036039628310035E-004    50004072186.69920         49998493947.43624     
   1.6082656286561887E-004    50004540449.99490         49998500652.30083     
   1.6129272944109336E-004    50005012219.68143         49998507294.50494     
   1.6175889601027237E-004    50005485959.24014         49998514114.52165     
   1.6222506257331223E-004    50005961451.53192         49998521238.69900     
   1.6269122913004736E-004    50006438620.16009         49998528731.51694     
   1.6315739568012339E-004    50006917804.47697         49998536625.66282     
   1.6362356222306620E-004    50007399583.63811         49998544937.20792     
   1.6408972875832085E-004    50007884649.57566         49998553673.69764     
   1.6455589528527654E-004    50008373460.21065         49998562839.15530     
   1.6502206180328053E-004    50008866015.33414         49998572436.08056     
   1.6548822831164659E-004    50009362111.03165         49998582466.45998     
   1.6595439480966600E-004    50009861177.32012         49998592932.03705     
   1.6642056129661584E-004    50010362380.48185         49998603834.33248     
   1.6688672777175919E-004    50010864806.68438         49998615174.07602     
   1.6735289423434619E-004    50011367614.24937         49998626950.41656     
   1.6781906068363741E-004    50011870153.70676         49998639161.72234     
   1.6828522711887590E-004    50012372110.95697         49998651806.44221     
   1.6875139353929940E-004    50012873570.68005         49998664877.48247     
   1.6921755994418514E-004    50013374770.78067         49998678356.31175     
   1.6968372633285875E-004    50013876098.17058         49998692203.44465     
   1.7014989270468790E-004    50014378575.66113         49998706329.16281     
   1.7061605905911215E-004    50014884343.57323         49998720527.16203     
   1.7108222539573905E-004    50015397201.46102         49998734326.04942     
   1.7154839171456250E-004    50015923715.90760         49998746766.62070     
   1.7201455801647004E-004    50016468086.55583         49998756995.33708     
   1.7248072430401699E-004    50017019109.87263         49998766114.08183     
   1.7294689058038100E-004    50017566519.64526         49998775561.72045     
   1.7341305684634564E-004    50018109020.97929         49998785873.79964     
   1.7387922310098047E-004    50018646539.86618         49998797322.74799     
   1.7434538934260233E-004    50019179539.70536         49998809968.00022     
   1.7481155556925906E-004    50019707745.85714         49998823900.82256     
   1.7527772177887993E-004    50020230640.38618         49998839216.75937     
   1.7574388796923448E-004    50020747855.55515         49998855987.60892     
   1.7621005413794822E-004    50021259356.11859         49998874248.01541     
   1.7667622028255192E-004    50021765457.82404         49998893998.20989     
   1.7714238640051505E-004    50022266803.01337         49998915221.19518     
   1.7760855248928365E-004    50022764199.61665         49998937889.75278     
   1.7807471854637463E-004    50023258145.44272         49998961958.23411     
   1.7854088456936506E-004    50023748440.45460         49998987374.08783     
   1.7900705055592302E-004    50024235072.62391         49999014081.61658     
   1.7947321650382545E-004    50024718731.27500         49999042030.63634     
   1.7993938241091909E-004    50025200275.73499         49999071192.46216     
   1.8040554827509949E-004    50025680449.20650         49999101555.31011     
   1.8087171409431749E-004    50026159608.21761         49999133109.41732     
   1.8133787986657909E-004    50026637748.77750         49999165837.75056     
   1.8180404558991819E-004    50027114627.47330         49999199714.01542     
   1.8227021126239552E-004    50027595527.03692         49999234708.05357     
   1.8273637688208933E-004    50028078052.03586         49999270786.49836     
   1.8320254244707252E-004    50028556902.53600         49999307925.58435     
   1.8366870795542503E-004    50029031428.24546         49999346120.08707     
   1.8413487340523149E-004    50029499354.97744         49999385353.26272     
   1.8460103879450982E-004    50029959089.47327         49999425608.34815     
   1.8506720412134431E-004    50030409120.32455         49999466878.16148     
   1.8553336938383243E-004    50030848061.78374         49999509158.82461     
   1.8599953458009209E-004    50031274705.34429         49999552409.80064     
   1.8646569970826149E-004    50031688047.80870         49999596627.04053     
   1.8693186476649752E-004    50032087256.99536         49999641819.65707     
   1.8739802975297553E-004    50032471686.88988         49999687981.84426     
   1.8786419466589160E-004    50032840789.96354         49999735103.35942     
   1.8833035950346661E-004    50033194092.81316         49999783176.10253     
   1.8879652426394926E-004    50033531163.12716         49999832193.12486     
   1.8926268894561604E-004    50033851576.08157         49999882146.64620     
   1.8972885354677087E-004    50034154874.37013         49999933027.29021     
   1.9019501806574420E-004    50034440583.77335         49999984824.39613     
   1.9066118250089239E-004    50034708188.83641         50000037526.68636     
   1.9112734685059642E-004    50034957119.08295         50000091122.76337     
   1.9159351111326116E-004    50035186756.63715         50000145601.21277     
   1.9205967528731517E-004    50035396401.00895         50000200950.72544     
   1.9252583937121124E-004    50035585291.37128         50000257160.17934     
   1.9299200336342798E-004    50035752607.92683         50000314218.50757     
   1.9345816726247232E-004    50035897488.28488         50000372114.33778     
   1.9392433106688270E-004    50036019042.40408         50000430835.45038     
   1.9439049477523233E-004    50036116370.99958         50000490368.35587     
   1.9485665838613311E-004    50036188585.47312         50000550698.57396     
   1.9532282189823859E-004    50036234823.87479         50000611812.35971     
   1.9578898531023826E-004    50036254266.39520         50000673697.52385     
   1.9625514862087231E-004    50036246185.21452         50000736339.06814     
   1.9672131182898070E-004    50036209877.12366         50000799721.51749     
   1.9718747493339272E-004    50036144686.14362         50000863848.23063     
   1.9765363793300603E-004    50036050068.78926         50000928664.25017     
   1.9811980082678788E-004    50035925560.13235         50000994137.09043     
   1.9858596361376483E-004    50035770770.59342         50001060220.61025     
   1.9905212629298946E-004    50035585380.47702         50001126881.76511     
   1.9951828886355486E-004    50035369134.14297         50001194099.15822     
   1.9998445132460890E-004    50035121832.67078         50001261854.63180     
   2.0045061367533404E-004    50034843326.92476         50001330128.32291     
   2.0091677591494873E-004    50034533511.41431         50001398902.69550     
   2.0138293804271978E-004    50034192319.25040         50001468162.72707     
   2.0184910005797293E-004    50033819718.46569         50001537893.90547     
   2.0231526196010623E-004    50033415709.62614         50001608081.28233     
   2.0278142374857499E-004    50032980324.85202         50001678708.52071     
   2.0324758542288417E-004    50032513628.26387         50001749756.44206     
   2.0371374698258877E-004    50032015716.82762         50001821201.92946     
   2.0417990842729782E-004    50031486721.65199         50001893016.90928     
   2.0464606975667698E-004    50030926810.11269         50001965166.91305     
   2.0511223097044215E-004    50030336186.21818         50002037614.68002     
   2.0557839206835187E-004    50029715091.07605         50002110329.22723     
   2.0604455305021357E-004    50029063801.94878         50002183287.92042     
   2.0651071391590193E-004    50028382627.76984         50002256473.64597     
   2.0697687466530524E-004    50027671905.30219         50002329875.79340     
   2.0744303529831513E-004    50026931991.48331         50002403492.63899     
   2.0790919581483973E-004    50026163260.80291         50002477328.56152     
   2.0837535621480674E-004    50025366080.91827         50002551384.53875     
   2.0884151649815910E-004    50024540787.51867         50002625654.81495     
   2.0930767666484188E-004    50023687681.86895         50002700137.34979     
   2.0977383671478257E-004    50022806994.42728         50002774846.08395     
   2.1023999664776405E-004    50021898845.59742         50002849819.05235     
   2.1070615646353282E-004    50020963191.61107         50002925125.04426     
   2.1117231616178811E-004    50019999747.60571         50003000871.78060     
   2.1163847574208261E-004    50019007874.74725         50003077218.53475     
   2.1210463520375853E-004    50017986409.57582         50003154395.67025     
   2.1257079454583937E-004    50016933398.62309         50003232734.63760     
   2.1303695376687445E-004    50015845674.17741         50003312716.40028     
   2.1350311286472069E-004    50014718159.83408         50003395050.97618     
   2.1396927183621442E-004    50013542726.73058         50003480804.54665     
   2.1443543067666148E-004    50012306388.46916         50003571575.62788     
   2.1490158937905848E-004    50010988991.31998         50003669633.65162     
   2.1536774793306325E-004    50009562449.38940         50003777592.05365     
   2.1583390632429474E-004    50007989979.31561         50003898165.43855     
   2.1630006453442850E-004    50006208487.73636         50004030931.71197     
   2.1676622254181792E-004    50004402886.80634         50004156138.91375     
   2.1723238035722107E-004    50004351698.28508         50004285795.18378     
   2.1769853797441350E-004    50004464331.13264         50004395894.61327     
   2.1816469541764967E-004    50004528123.22305         50004453817.40620     
   2.1863085276189651E-004    50004526596.77904         50004448106.86790     
   2.1909701010815899E-004    50004460089.41237         50004381780.13003     
   2.1956316755662397E-004    50004413954.28401         50004335121.41422     
   2.2002932507604278E-004    50004338059.10854         50004263422.63153     
   2.2049548271203847E-004    50004272000.37924         50004197207.32137     
   2.2096164044991894E-004    50004189123.74010         50004116590.07161     
   2.2142779831542964E-004    50004103411.51349         50004030488.69642     
   2.2189395631282382E-004    50003996384.11269         50003925710.57932     
   2.2236011447516798E-004    50003902472.82291         50003838954.12685     
   2.2282627278213637E-004    50003852342.79762         50003792668.63776     
   2.2329243116642024E-004    50003835930.93112         50003778062.51442     
   2.2375858957596699E-004    50003823663.22694         50003768242.48156     
   2.2422474800436255E-004    50003806968.67013         50003754209.84648     
   2.2469090645843798E-004    50005164717.53217         50003741022.75757     
   2.2515706493604328E-004    50006773849.27222         50003739922.37421     
   2.2562322341797476E-004    50008355782.84655         50003751759.82480     
   2.2608938188498144E-004    50009911433.73033         50003770294.63289     
   2.2655554032758340E-004    50011441621.50513         50003791351.60831     
   2.2702169874243790E-004    50013789895.02670         50003813065.31178     
   2.2748785712890449E-004    50016260208.21667         50003834603.77017     
   2.2795401548752404E-004    50018648457.98145         50003855561.02056     
   2.2842017381939666E-004    50020952499.26812         50003875713.48598     
   2.2888633212592868E-004    50023170549.78616         50003894922.36565     
   2.2935249040871678E-004    50025301264.21164         50003913091.72115     
   2.2981864866947899E-004    50027343735.85168         50003930149.87428     
   2.3028480691002407E-004    50029297224.67475         50003946034.26057     
   2.3075096513222810E-004    50031161039.98201         50003960643.08363     
   2.3121712333802995E-004    50032934944.97230         50003973963.25224     
   2.3168328152940989E-004    50034618632.97679         50003985973.15179     
   2.3214943970834655E-004    50036212128.60989         50003996654.31999     
   2.3261559787683651E-004    50037716087.09188         50004005990.46481     
   2.3308175603688905E-004    50039131776.55055         50004013967.17409     
   2.3354791419053129E-004    50040461023.30041         50004020556.49543     
   2.3401407233980201E-004    50041706137.01016         50004025735.80802     
   2.3448023048674988E-004    50042869841.51321         50004029483.43801     
   2.3494638863342910E-004    50043955189.75193         50004031779.84650     
   2.3541254678190120E-004    50044965455.88817         50004032606.43521     
   2.3587870493423815E-004    50045904023.38755         50004031945.22513     
   2.3634486309248698E-004    50046773821.43057         50004029779.11700     
   2.3681102125868811E-004    50047577529.70196         50004026092.64319     
   2.3727717943494603E-004    50048317809.07890         50004020873.69236     
   2.3774333762337994E-004    50048997256.59803         50004014115.28360     
   2.3820949582611874E-004    50049618377.76687         50004005816.29560     
   2.3867565404529594E-004    50050183592.58679         50003995979.26974     
   2.3914181228304801E-004    50050695255.02209         50003984608.45872     
   2.3960797054151418E-004    50051155658.73329         50003971708.50714     
   2.4007412882283427E-004    50051567034.51337         50003957282.07820     
   2.4054028712916202E-004    50051931541.79180         50003941328.35806     
   2.4100644546265403E-004    50052251258.38654         50003923841.20176     
   2.4147260382548279E-004    50052528177.85856         50003904798.09949     
   2.4193876221983117E-004    50052764176.66598         50003884194.16863     
   2.4240492064789296E-004    50052961004.99588         50003862037.84648     
   2.4287107911187756E-004    50053120278.35138         50003838330.61436     
   2.4333723761400445E-004    50053243471.27032         50003813076.17391     
   2.4380339615649900E-004    50053331911.88754         50003786278.97812     
   2.4426955474158462E-004    50053386782.76586         50003757940.08117     
   2.4473571337149143E-004    50054205103.45182         50003728053.77444     
   2.4520187204843397E-004    50056557263.53985         50003696608.82399     
   2.4566803077462254E-004    50058907029.46462         50003663592.00141     
   2.4613418955225753E-004    50061254210.61758         50003628993.60104     
   2.4660034838353055E-004    50063598542.27982         50003592825.93578     
   2.4706650727062459E-004    50065939720.10342         50003555105.14007     
   2.4753266621571358E-004    50068277373.36349         50003515837.34543     
   2.4799882522096083E-004    50070611046.77030         50003475037.72533     
   2.4846498428851761E-004    50072940160.02817         50003432726.94647     
   2.4893114342052489E-004    50076254739.03300         50003388886.39257     
   2.4939730261911867E-004    50080181824.89540         50003343537.31475     
   2.4986346188642637E-004    50084055636.02708         50003296696.04059     
   2.5032962122456542E-004    50087863915.57394         50003248359.79681     
   2.5079578063561865E-004    50091594107.74670         50003198627.71824     
   2.5126194012090340E-004    50095235781.32713         50003148183.67016     
   2.5172809968119906E-004    50098782018.54017         50003097103.70342     
   2.5219425931726213E-004    50102229356.80376         50003045402.18086     
   2.5266041902982466E-004    50105577046.80258         50002993094.67080     
   2.5312657881959393E-004    50108826197.75401         50002940196.50973     
   2.5359273868725451E-004    50111978927.14733         50002886723.77881     
   2.5405889863346889E-004    50115037685.37228         50002832692.89523     
   2.5452505865887904E-004    50118004896.21130         50002778120.80167     
   2.5499121876410767E-004    50120882842.22287         50002723024.96914     
   2.5545737894975987E-004    50123673703.20311         50002667423.03614     
   2.5592353921642522E-004    50126379714.61884         50002611332.31658     
   2.5638969956468004E-004    50129003038.31225         50002554769.45027     
   2.5685585999509012E-004    50131545721.74651         50002497750.19502     
   2.5732202050821312E-004    50134009678.23034         50002440289.12517     
   2.5778818110460007E-004    50136396693.54424         50002382399.67622     
   2.5825434178479624E-004    50138708425.98477         50002324094.31525     
   2.5872050254934116E-004    50140946134.74712         50002265385.66035     
   2.5918666339876844E-004    50143111282.35002         50002206285.21718     
   2.5965282433360520E-004    50145205493.40780         50002146802.99886     
   2.6011898535437079E-004    50147230511.33190         50002086947.24709     
   2.6058514646157564E-004    50149188118.99466         50002026728.13900     
   2.6105130765572115E-004    50151080086.25688         50001966152.85235     
   2.6151746893729938E-004    50152908229.67273         50001905225.61637     
   2.6198363030679176E-004    50154674376.82467         50001843959.62837     
   2.6244979176466885E-004    50156380353.41084         50001782369.92241     
   2.6291595331139875E-004    50158027877.89008         50001720487.15379     
   2.6338211494745449E-004    50159618712.18387         50001658351.48714     
   2.6384827667332310E-004    50161154540.64564         50001595982.55154     
   2.6431443848946054E-004    50162636819.31341         50001533380.30745     
   2.6478060039635535E-004    50164066681.79063         50001470559.16322     
   2.6524676239449678E-004    50165445019.32650         50001407532.98216     
   2.6571292448438242E-004    50166772650.71353         50001344313.57421     
   2.6617908666652586E-004    50168050447.39149         50001280907.12935     
   2.6664524894145472E-004    50169279334.51060         50001217313.53499     
   2.6711141130970949E-004    50170460229.95966         50001153527.19284     
   2.6757757377184467E-004    50171594078.26759         50001089538.99159     
   2.6804373632843007E-004    50172648025.88416         50001025339.79975     
   2.6850989898005045E-004    50173441893.07562         50000960922.85963     
   2.6897606172730684E-004    50174014473.91128         50000896282.85649     
   2.6944222457081214E-004    50174387508.21530         50000831413.93758     
   2.6990838751116022E-004    50174584410.36996         50000766311.04058     
   2.7037455054895206E-004    50174621731.01234         50000700974.93902     
   2.7084071368486381E-004    50174519367.38234         50000635409.28178     
   2.7130687691961041E-004    50174327934.19214         50000569605.96858     
   2.7177304025392395E-004    50174123981.96986         50000503540.03769     
   2.7223920368854630E-004    50173923532.39825         50000437177.10810     
   2.7270536722423533E-004    50173664670.93550         50000370479.61069     
   2.7317153086178661E-004    50173286650.57616         50000303408.82507     
   2.7363769460204897E-004    50172773971.74174         50000235924.92236     
   2.7410385844592485E-004    50172144856.35826         50000167986.23651     
   2.7457002239437023E-004    50171424614.13058         50000099548.07972     
   2.7503618644840483E-004    50170628417.26516         50000030561.10323     
   2.7550235060913244E-004    50169759922.30909         49999960969.21890     
   2.7596851487777000E-004    50168816632.21882         49999890707.11667     
   2.7643467925565394E-004    50167795758.19630         49999819697.63905     
   2.7690084374422456E-004    50166696902.86320         49999747849.66801     
   2.7736700834506806E-004    50165522583.52522         49999675056.44803     
   2.7783317305996741E-004    50164277719.27617         49999601193.89545     
   2.7829933789087763E-004    50162968282.11467         49999526118.42375     
   2.7876550283996437E-004    50161600252.54536         49999449660.61810     
   2.7923166790965381E-004    50160181591.29563         49999371616.27939     
   2.7969783310268864E-004    50159303487.16812         49999291750.92433     
   2.8016399842219295E-004    50161626762.67535         49999209793.95908     
   2.8063016387174547E-004    50163903027.16718         49999125416.07805     
   2.8109632945546551E-004    50166131842.18491         49999038213.79449     
   2.8156249517812318E-004    50168312704.29334         49998947691.07265     
   2.8202866104531780E-004    50170445143.31359         49998853243.97949     
   2.8249482706366478E-004    50172528704.70369         49998754147.72114     
   2.8296099324106634E-004    50174562959.07417         49998649456.95568     
   2.8342715958706817E-004    50176547520.18320         49998537930.28251     
   2.8389332611334516E-004    50178482061.20592         49998417942.26993     
   2.8435949283437718E-004    50180366324.39444         49998287327.97750     
   2.8482565976841058E-004    50182200124.67727         49998143168.24254     
   2.8529182693886067E-004    50183983350.96706         49997981452.67078     
   2.8575799437616196E-004    50185715967.39574         49997796618.78474     
   2.8622416212035063E-004    50187398012.61081         49997581215.29057     
   2.8669033022433050E-004    50189029594.23090         49997325357.73105     
   2.8715649875843744E-004    50190610878.37059         49997013428.12046     
   2.8762266782395983E-004    50192142075.92393         49996622497.85879     
   2.8808883753906104E-004    50195384733.57537         49996202513.23621     
   2.8855500788246233E-004    50201082510.12759         49995842877.07464     
   2.8902117875183341E-004    50206726180.17237         49995535536.64357     
   2.8948735008404699E-004    50212300409.81193         49995247959.42597     
   2.8995352186709237E-004    50217774560.72679         49994947980.50776     
   2.9041969413531220E-004    50223111402.09779         49994615505.63596     
   2.9088586693986186E-004    50228277665.89958         49994258783.98548     
   2.9135204030384190E-004    50233248723.64831         49993905672.42957     
   2.9181821420569258E-004    50238009127.93279         49993583164.25423     
   2.9228438858292107E-004    50242552105.52949         49993308130.38522     
   2.9275056336140336E-004    50246876626.73633         49993090958.28584     
   2.9321673842871851E-004    50250983737.97042         49992963076.91795     
   2.9368291365365509E-004    50254873210.72927         49992911462.73190     
   2.9414908892601104E-004    50258541604.68128         49992917020.95557     
   2.9461526416648640E-004    50261981185.10326         49992961790.45850     
   2.9508143932234200E-004    50265180394.07630         49993031217.28827     
   2.9554761436168252E-004    50268127222.26539         49993113910.49558     
   2.9601378926952070E-004    50270813752.76773         49993200338.75290     
   2.9647996404447917E-004    50273240671.25576         49993282651.76398     
   2.9694613869694480E-004    50275417159.98070         49993354947.62419     
   2.9741231324412540E-004    50277358708.55087         49993416080.37177     
   2.9787848770234255E-004    50279083836.54518         49993468732.01715     
   2.9834466208350263E-004    50280611770.46362         49993516238.29044     
   2.9881083639368190E-004    50281961272.21778         49993561842.22999     
   2.9927701063436538E-004    50283149787.50132         49993608362.56615     
   2.9974318480237191E-004    50284192579.40897         49993658472.00056     
   3.0020935889116560E-004    50285102376.20454         49993713124.88326     
   3.0067553289328845E-004    50285889864.40881         49993773027.43456     
   3.0114170680058930E-004    50286564326.39395         49993838486.86018     
   3.0160788060415558E-004    50287134686.52070         49993909730.12599     
   3.0207405429502469E-004    50287610508.24213         49993986817.44588     
   3.0254022786422143E-004    50288002219.52974         49994069652.78121     
   3.0300640130300556E-004    50288320518.68362         49994157994.33032     
   3.0347257460313688E-004    50288575506.64903         49994251377.64052     
   3.0393874775733155E-004    50288776094.18546         49994349122.30453     
   3.0440492075943759E-004    50288929544.63950         49994451171.67884     
   3.0487109360318143E-004    50289037159.07883         49994559676.86501     
   3.0533726627900582E-004    50289090144.02350         49994675662.37941     
   3.0580343877867035E-004    50289101500.82673         49994793173.34272     
   3.0626961111075029E-004    50289074379.78561         49994933150.59290     
   3.0673578327961400E-004    50289006530.62821         49995032745.53909     
   3.0720195524197000E-004    50288895921.26097         49995133237.60526     
   3.0766812704715164E-004    50288731361.01810         49995219833.65970     
   3.0813429872369650E-004    50288502870.70696         49995300970.25376     
   3.0860047027919554E-004    50288209909.84621         49995375766.33514     
   3.0906664172049595E-004    50287859377.01086         49995452948.38228     
   3.0953281304286204E-004    50287459797.83505         49995534402.95821     
   3.0999898423943390E-004    50287017364.43138         49995620848.32585     
   3.1046515530223922E-004    50286535910.67772         49995712640.43954     
   3.1093132622300051E-004    50286018562.34619         49995809507.88486     
   3.1139749699410124E-004    50285468405.77974         49995910684.70908     
   3.1186366760922122E-004    50284887759.68263         49996015006.44979     
   3.1232983806377080E-004    50284277423.59505         49996120903.58270     
   3.1279600835544774E-004    50283636908.27389         49996226387.66538     
   3.1326217848454466E-004    50282965095.44987         49996328983.26732     
   3.1372834845424326E-004    50282260476.28622         49996425426.18211     
   3.1419451827126093E-004    50281521188.98695         49996510939.83009     
   3.1466068794752325E-004    50280745185.30971         49996579787.33971     
   3.1512685750307966E-004    50279930210.20116         49996631729.72379     
   3.1559302696522159E-004    50279073795.50162         49996676746.15517     
   3.1605919635475124E-004    50278173642.58971         49996724638.24925     
   3.1652536567478435E-004    50277227456.40313         49996777823.18157     
   3.1699153491758964E-004    50276232886.47532         49996831200.35545     
   3.1745770407807416E-004    50275187562.40865         49996876018.39795     
   3.1792387316404753E-004    50274089169.18237         49996908129.63400     
   3.1839004219436312E-004    50272935520.53146         49996930265.43147     
   3.1885621118718076E-004    50271724610.78461         49996946768.87102     
   3.1932238015382316E-004    50270454659.40477         49996960633.86356     
   3.1978854909999892E-004    50269124156.26338         49996973519.03416     
   3.2025471802820109E-004    50267731882.16747         49996986287.02076     
   3.2072088693922810E-004    50266277007.10770         49996999390.12989     
   3.2118705583299888E-004    50264759135.03731         49997013078.81342     
   3.2165322470888646E-004    50263178367.49679         49997027498.59801     
   3.2211939356595267E-004    50261535420.42463         49997042738.01498     
   3.2258556240309958E-004    50259831704.14395         49997058855.94716     
   3.2305173121910776E-004    50258069358.23240         49997075892.64397     
   3.2351790001263533E-004    50256251256.81388         49997093875.79929     
   3.2398406878222349E-004    50254380878.80006         49997112823.51904     
   3.2445023752641921E-004    50252462027.20657         49997132744.56680     
   3.2491640624377941E-004    50250498888.26923         49997153639.73358     
   3.2538257493282187E-004    50248495313.42197         49997175504.88528     
   3.2584874359205962E-004    50246454607.78107         49997198334.15169     
   3.2631491222001748E-004    50244378989.46447         49997222119.54495     
   3.2678108081524019E-004    50242269759.41319         49997246852.59881     
   3.2724724937629546E-004    50240127769.09921         49997272525.15557     
   3.2771341790171685E-004    50237953608.04386         49997299126.34570     
   3.2817958639005858E-004    50235748246.66004         49997326639.27463     
   3.2864575483988517E-004    50234320743.24790         49997355036.45631     
   3.2911192324981681E-004    50236163328.19471         49997384274.91994     
   3.2957809161852816E-004    50237698077.65437         49997414285.33746     
   3.3004425994477267E-004    50238921792.66428         49997444945.46828     
   3.3051042822743870E-004    50239828544.11935         49997476019.07010     
   3.3097659646568134E-004    50240413715.81072         49997507016.27361     
   3.3144276465920270E-004    50240675573.04012         49997536899.48614     
   3.3190893280886857E-004    50240616638.17168         49997563722.57307     
   3.3237510091790342E-004    50240186997.49122         49997585664.54173     
   3.3284126899291383E-004    50239056024.92622         49997604599.94966     
   3.3330743704051562E-004    50237279454.48759         49997623871.23007     
   3.3377360506195528E-004    50234902048.26738         49997644737.54536     
   3.3423977305538333E-004    50232035016.49844         49997668014.78030     
   3.3470594101744764E-004    50228707655.18685         49997693839.72105     
   3.3517210894426323E-004    50224924792.06248         49997722372.10032     
   3.3563827683170407E-004    50220716429.36703         49997753806.24362     
   3.3610444467537567E-004    50219194696.58618         49997788309.46416     
   3.3657061247062474E-004    50219949541.39504         49997825975.79823     
   3.3703678021264539E-004    50220680020.39265         49997866801.64875     
   3.3750294789647252E-004    50222620208.81239         49997910714.95338     
   3.3796911551720575E-004    50224546773.91959         49997957579.25461     
   3.3843528307012880E-004    50226458689.64130         49998007239.80801     
   3.3890145055072006E-004    50228355032.14766         49998059532.94026     
   3.3936761795467634E-004    50230234907.95072         49998114304.36103     
   3.3983378527787511E-004    50232097376.27103         49998171417.17877     
   3.4029995251638355E-004    50234494967.85168         49998230751.13071     
   3.4076611966643258E-004    50237191405.07508         49998292201.52885     
   3.4123228672444103E-004    50239846530.00935         49998355677.36730     
   3.4169845368698764E-004    50242452920.21841         49998421073.05886     
   3.4216462055076767E-004    50245000814.08279         49998488334.77208     
   3.4263078731257832E-004    50247479465.00272         49998557417.48840     
   3.4309695396931704E-004    50250541666.22484         49998628264.70573     
   3.4356312051797778E-004    50254608771.90099         49998700803.58568     
   3.4402928695561713E-004    50258389315.06905         49998774958.27893     
   3.4449545327937920E-004    50261890346.34363         49998850670.57213     
   3.4496161948649077E-004    50265114349.99831         49998927903.08286     
   3.4542778557426757E-004    50268063332.61887         49999006604.95123     
   3.4589395154011699E-004    50270740282.33681         49999086729.81190     
   3.4636011738152479E-004    50273149832.21609         49999168241.14714     
   3.4682628309605561E-004    50275299400.96401         49999251091.42461     
   3.4729244868135598E-004    50277220535.95787         49999335216.84438     
   3.4775861413516263E-004    50278954946.76714         49999420576.71475     
   3.4822477945531031E-004    50280575482.32301         49999507118.21248     
   3.4869094463973218E-004    50282002873.23003         49999594785.99448     
   3.4915710968644624E-004    50283212952.43499         49999683530.69806     
   3.4962327459353218E-004    50284223786.28093         49999773310.05273     
   3.5008943935912183E-004    50284996693.93759         49999864087.92142     
   3.5055560398140027E-004    50285463242.90143         49999955832.74208     
   3.5102176845861280E-004    50285549880.40219         50000048515.63139     
   3.5148793278906229E-004    50285230479.60971         50000142108.29510     
   3.5195409697110907E-004    50285669459.96987         50000236581.38161     
   3.5242026100312969E-004    50285900461.06326         50000331903.99538     
   3.5288642488353066E-004    50285939023.18784         50000428044.61761     
   3.5335258861076085E-004    50285800697.01295         50000524972.05043     
   3.5381875218335070E-004    50285501266.27902         50000622654.69342     
   3.5428491559991583E-004    50285054530.41483         50000721059.05627     
   3.5475107885911557E-004    50284471647.28717         50000820149.40638     
   3.5521724195972814E-004    50283769124.04808         50000919889.09775     
   3.5568340490062017E-004    50282971672.34817         50001020246.83916     
   3.5614956768065947E-004    50282117851.50103         50001121194.07476     
   3.5661573029881921E-004    50281240588.71857         50001222673.62574     
   3.5708189275416381E-004    50281477647.60319         50001324657.03807     
   3.5754805504584745E-004    50282158070.50348         50001427102.69843     
   3.5801421717315373E-004    50282803374.11403         50001529961.87473     
   3.5848037913547610E-004    50283413612.05117         50001633186.50245     
   3.5894654093227116E-004    50283988850.01419         50001736735.61253     
   3.5941270256308673E-004    50284529335.31903         50001840571.63034     
   3.5987886402752157E-004    50285035415.54899         50001944684.20063     
   3.6034502532520204E-004    50285507522.78046         50002049064.03305     
   3.6081118645588106E-004    50285946214.64806         50002153696.87154     
   3.6127734741926688E-004    50286352278.88380         50002258571.83324     
   3.6174350821506854E-004    50289440015.82251         50002363681.21848     
   3.6220966884306682E-004    50293308547.93578         50002469019.11197     
   3.6267582930313627E-004    50297112343.81934         50002574580.01973     
   3.6314198959519652E-004    50300832641.15513         50002680358.30146     
   3.6360814971908470E-004    50304451450.06303         50002786348.17755     
   3.6407430967469028E-004    50307952853.27355         50002892542.64095     
   3.6454046946197017E-004    50314914595.22185         50002998936.47189     
   3.6500662908079052E-004    50322956473.23326         50003105542.00443     
   3.6547278853097780E-004    50331075535.38319         50003212398.93028     
   3.6593894781231535E-004    50339147898.23527         50003319573.32475     
   3.6640510692451762E-004    50347099120.29366         50003427162.54353     
   3.6687126586718802E-004    50354873458.89606         50003535305.27636     
   3.6733742463975491E-004    50362423137.32315         50003644194.25781     
   3.6780358324140785E-004    50369715776.70447         50003754097.77734     
   3.6826974167097036E-004    50376740004.35104         50003865393.66411     
   3.6873589992674838E-004    50383496624.75977         50003978619.36768     
   3.6920205800629248E-004    50389986503.83301         50004094556.24802     
   3.6966821590604215E-004    50396204652.40209         50004214370.89773     
   3.7013437362079087E-004    50402147771.97985         50004339829.10278     
   3.7060053114286337E-004    50407816240.45075         50004473558.67301     
   3.7106668846089683E-004    50413211121.04692         50004619098.45834     
   3.7153284555833200E-004    50418329392.65462         50004779983.47060     
   3.7199900241293235E-004    50423165461.73211         50004960963.83244     
   3.7246515899593832E-004    50427712646.69166         50005146512.80739     
   3.7293131528694381E-004    50431970230.47303         50005327724.46047     
   3.7339747130059857E-004    50435952390.56210         50005508452.44723     
   3.7386362702983305E-004    50439678856.29360         50005646214.40032     
   3.7432978252854539E-004    50443163489.99526         50005691134.32642     
   3.7479593792018973E-004    50446397923.79211         50005648984.63815     
   3.7526209335322962E-004    50449363235.38912         50005548260.98665     
   3.7572824894386192E-004    50452027561.08511         50005475407.80768     
   3.7619440464359310E-004    50454378899.88545         50005368892.79337     
   3.7666056050802353E-004    50456417885.89715         50005268925.26161     
   3.7712671652482497E-004    50458150064.14656         50005145174.31614     
   3.7759287273029976E-004    50459582586.03500         50005016838.59348     
   3.7805902913310487E-004    50460722136.42443         50004865127.68502     
   3.7852518577168644E-004    50461572046.11546         50004753448.29073     
   3.7899134258307130E-004    50462133962.68493         50004699352.41080     
   3.7945749946814386E-004    50462414247.08768         50004681740.12247     
   3.7992365637923927E-004    50474493535.87021         50004664147.69689     
   3.8038981331989962E-004    50511544503.46313         50004640934.68086     
   3.8085597029219965E-004    50548159609.82632         50004625950.79475     
   3.8132212728070401E-004    50582613016.42890         50004631739.78963     
   3.8178828425322858E-004    50613618257.49353         50004652498.53249     
   3.8225444115429810E-004    50641246225.80036         50004679523.46471     
   3.8272059790510457E-004    50690393492.25519         50004708504.42991     
   3.8318675434760179E-004    50737965649.60173         50004737636.19719     
   3.8365291000613111E-004    50778973202.52405         50004766120.03041     
   3.8411906284994670E-004    50815150772.14105         50004793567.12311     
   3.8458520748896032E-004    50846519798.20540         50004819763.48926     
   3.8505131106137595E-004    50868130412.83987         50004844569.73015     
   3.8551719939693580E-004    50879551325.85507         50004867867.85567     
   3.8598027311934465E-004    50880152211.09606         50004889442.63247     
   3.8644284529163229E-004    50871854774.62636         50004909327.99219     
   3.8690440289985501E-004    50857751856.66629         50004927427.87305     
   3.8736528903991887E-004    50842945634.03796         50004943694.01063     
   3.8782603155005757E-004    50854321272.96060         50004958091.63094     
   3.8828687780130116E-004    50864313364.48916         50004970577.71777     
   3.8874784533759110E-004    50873166897.90813         50004981103.83930     
   3.8920761155101532E-004    50881150859.11401         50004989600.65114     
   3.8966654367695653E-004    50889264881.45317         50004996045.93108     
   3.9012523510574499E-004    50898411526.34831         50005000420.62093     
   3.9058407448659498E-004    50909241237.32655         50005002700.33588     
   3.9104336369590167E-004    50920470339.42885         50005002856.95605     
   3.9150332858421482E-004    50931140306.82748         50005000858.55068     
   3.9196435604854716E-004    50941591622.73196         50004996669.69876     
   3.9242578308163525E-004    50951948928.69294         50004990269.94627     
   3.9288713660342743E-004    50962118283.20882         50004981659.12743     
   3.9334872630703260E-004    50972033963.90311         50004970826.54377     
   3.9381091073642006E-004    50981478264.20331         50004957758.41666     
   3.9427402731542500E-004    50990021441.33132         50004942426.76017     
   3.9473778534043264E-004    50997272759.06821         50004924833.35776     
   3.9520156245217834E-004    51003242847.76941         50004905002.16363     
   3.9566521224516617E-004    51007314065.50140         50004882941.58748     
   3.9612865868934242E-004    51008619803.33784         50004858657.83454     
   3.9659191164004987E-004    51006950837.76050         50004832154.50153     
   3.9705507512897026E-004    51002485178.82272         50004803431.25329     
   3.9751800384660129E-004    50995630463.75233         50004772502.70719     
   3.9798072756312084E-004    50986777130.78272         50004739369.14327     
   3.9844337616742556E-004    50976215813.89783         50004704019.25098     
   3.9890598649475255E-004    50964521060.15981         50004666441.48688     
   3.9936862441951679E-004    50952074670.45665         50004626618.81205     
   3.9983134640465741E-004    50939208493.74270         50004584531.70519     
   4.0029415379968272E-004    50926405811.19318         50004540133.12375     
   4.0075704371697894E-004    50913744546.48789         50004493363.67233     
   4.0121985346478633E-004    50900551848.35116         50004444328.94802     
   4.0168250392688763E-004    50886626846.31451         50004393052.96472     
   4.0214499999838071E-004    50871953016.56626         50004339532.50277     
   4.0260741799721771E-004    50877902860.69746         50004283786.63037     
   4.0306981864107462E-004    50913856659.19800         50004226067.05564     
   4.0353225077474977E-004    50935294659.55704         50004166543.33254     
   4.0399475338098533E-004    50944368878.66366         50004105119.02132     
   4.0445735026647473E-004    50942340994.22562         50004041777.20129     
   4.0492004897506930E-004    50932111410.27984         50003976599.41254     
   4.0538284702123069E-004    50917997518.52197         50003909838.58662     
   4.0584573754572339E-004    50903276374.02930         50003842509.15141     
   4.0630871410951845E-004    50888300471.91068         50003775314.49475     
   4.0677176950895216E-004    50872666572.90051         50003709394.59247     
   4.0723489387880000E-004    50856226410.58194         50003646466.17425     
   4.0769807923381830E-004    50839038594.78069         50003589273.10798     
   4.0816132668557647E-004    50820300358.30422         50003542308.86896     
   4.0862458290531973E-004    50805610437.85454         50003512509.29863     
   4.0908785147812074E-004    50817403835.08907         50003511159.15804     
   4.0955114469574640E-004    50827211827.16855         50003554318.74003     
   4.1001448006758990E-004    50848550794.86186         50003239597.56329     
   4.1047787712363064E-004    50876297915.61019         49999710667.64621     
   4.1094135058564234E-004    50903402436.69928         49993129945.40426     
   4.1140489751295451E-004    50929612148.87427         49983936097.64909     
   4.1186851171479903E-004    50954705989.01582         49972596490.99857     
   4.1233209485978394E-004    50978418534.82146         49959623329.63540     
   4.1279564683854240E-004    51000683065.54478         49945587179.14093     
   4.1325917928194641E-004    51021555897.17187         49931247808.85141     
   4.1372270191315227E-004    51040974907.14665         49917086874.71539     
   4.1418615503119473E-004    51058862315.54723         49904022448.10793     
   4.1464947083290311E-004    51075172638.00014         49893749001.14421     
   4.1511264646640458E-004    51089791573.37357         49888064894.17644     
   4.1557570857986991E-004    51102516263.48855         49887467544.69643     
   4.1603863375079352E-004    51113169216.52876         49892570881.24941     
   4.1650142269585190E-004    51121488622.40936         49903501253.87712     
   4.1696410356205918E-004    51127242665.57996         49920477520.28878     
   4.1742671090923972E-004    51130544569.53632         49943996281.38304     
   4.1788927737855178E-004    51131753350.01225         49978215263.99688     
   4.1835182619112985E-004    51131227184.13973         50029788234.79840     
   4.1881437466458765E-004    51129182449.85127         50099414330.45972     
   4.1927694497328756E-004    51125713574.15043         50179593913.86829     
   4.1973955974071919E-004    51120896579.67313         50261286231.20054     
   4.2020224152015891E-004    51125746662.02670         50330013283.13658     
   4.2066500769057027E-004    51143598525.58642         50393520576.81382     
   4.2112787188318325E-004    51142498807.16830         50457609316.51735     
   4.2159084466058541E-004    51128839605.48296         50520436173.45249     
   4.2205392798111782E-004    51106727190.37702         50579646435.55180     
   4.2251712603861126E-004    51075832300.52990         50633398452.81750     
   4.2298034819981077E-004    51051683922.90729         50682771044.15004     
   4.2344355528400039E-004    51033398086.50682         50728833394.10269     
   4.2390675038858812E-004    51012142947.19347         50770649724.45552     
   4.2436994252490357E-004    50988040227.90926         50806269206.61699     
   4.2483314416668380E-004    50961344310.59705         50835552212.63731     
   4.2529626696103241E-004    50932445420.11942         50858524433.17844     
   4.2575931652749486E-004    50901722580.71774         50874097824.26794     
   4.2622230912433157E-004    50883728831.08589         50883728831.08589     
   4.2668527534709240E-004    50888920728.32391         50888920728.32391     
   4.2714822809259670E-004    50889550504.02059         50889550504.02059     
   4.2761117492907719E-004    50886938895.90296         50886938895.90296     
   4.2807411171286538E-004    50884642440.28599         50880866609.23782     
   4.2853703129081287E-004    50889987225.66473         50869132102.09436     
   4.2899993151344169E-004    50886033926.08253         50853456122.62170     
   4.2946281541319620E-004    50875728061.58025         50831833171.78835     
   4.2992569040867825E-004    50861086397.38482         50802981027.68540     
   4.3038856289662723E-004    50849260713.64521         50766066914.49520     
   4.3085143869496263E-004    50874305815.56583         50724358221.33635     
   4.3131432298861217E-004    50906307850.79961         50679433970.37051     
   4.3177720738163654E-004    50933065866.87450         50632817470.23909     
   4.3224009917172527E-004    50953242075.55808         50584728746.42345     
   4.3270300492507548E-004    50967917378.07929         50534950428.04020     
   4.3316592859882859E-004    50975259172.63157         50483373348.91752     
   4.3362887354075533E-004    50976394075.46227         50430135222.58722     
   4.3409184251586139E-004    50970150154.60977         50375878364.95653     
   4.3455483761622576E-004    50959330249.68585         50322553519.66672     
   4.3501786107942657E-004    50945201228.10310         50270706699.44617     
   4.3548090787973691E-004    50929144292.85025         50221502591.71463     
   4.3594398228511555E-004    50930333087.15842         50174637871.39581     
   4.3640708597699363E-004    50929038127.51543         50129608360.93489     
   4.3687022078856263E-004    50938140959.21148         50087941775.35536     
   4.3733338333163643E-004    50944672178.36440         50050834250.09276     
   4.3779656755410929E-004    50947403262.24405         50017489007.34883     
   4.3825977087712616E-004    50946578111.90614         49986552977.36487     
   4.3872297963421154E-004    50941812330.25459         49957243067.57540     
   4.3918619821326356E-004    50931522197.79579         49929300460.52416     
   4.3964939606692342E-004    50916386643.58124         49902924980.50404     
   4.4011257237789475E-004    50920678243.51681         49878107855.91905     
   4.4057572818380217E-004    50921908253.87196         49854786821.48724     
   4.4103886580460579E-004    50931283128.30057         49832903776.99423     
   4.4150198826810289E-004    50939884040.74667         49812412732.69785     
   4.4196509864157939E-004    50949905492.08434         49792969720.49306     
   4.4242819903242631E-004    50959684229.52783         49774301614.69419     
   4.4289129074896819E-004    50975054670.38731         49756097417.96494     
   4.4335437463512454E-004    50985137351.55299         49737993648.97673     
   4.4381745267361056E-004    50990599648.49094         49719953059.26073     
   4.4428052707387112E-004    50995921759.31281         49701353862.40141     
   4.4474359903223614E-004    50999657007.29641         49681769694.92368     
   4.4520666862795044E-004    51000349046.16644         49662403042.77592     
   4.4566973489160768E-004    50997810516.81943         49648401128.97343     
   4.4613279718392246E-004    50992298834.99989         49635925647.89593     
   4.4659585556976140E-004    50983166818.17885         49623821126.63632     
   4.4705891018392835E-004    50970279692.43365         49617727922.92433     
   4.4752196098970051E-004    50953680182.50214         49622982739.53547     
   4.4798500834608888E-004    50945339150.59039         49631942112.19770     
   4.4844805316800515E-004    50939930831.70826         49638427647.61512     
   4.4891109631789238E-004    50932699287.27863         49647208199.01599     
   4.4937413848051530E-004    50957242824.41130         49658667316.16347     
   4.4983718049328034E-004    51046910524.36459         49672521322.07431     
   4.5030022355892132E-004    51126107461.49643         49688156417.82668     
   4.5076326914103581E-004    51201933596.31930         49705047334.06882     
   4.5122631809851069E-004    51277701033.39847         49722729538.19749     
   4.5168937111721976E-004    51351906380.76839         49740738200.89491     
   4.5215242810575808E-004    51423222346.97877         49759360714.68584     
   4.5261549058430681E-004    51491825601.10094         49778746379.49350     
   4.5307855991524464E-004    51554666722.72688         49798679115.20103     
   4.5354163598798939E-004    51608830463.90083         49819497672.06642     
   4.5400471722130544E-004    51653302655.22285         49841745313.71034     
   4.5446780137561990E-004    51689191567.72675         49865326259.59962     
   4.5493088863631236E-004    51718768339.80058         49889872622.38722     
   4.5539398209810765E-004    51743628952.17317         49915027906.32066     
   4.5585708388688577E-004    51764204528.51958         49940525804.62603     
   4.5632019336160225E-004    51780344633.29190         49966185345.88499     
   4.5678330782914471E-004    51792453582.44400         49991774001.25172     
   4.5724642448441660E-004    51801221895.53822         50016929006.69825     
   4.5770954156317559E-004    51807047012.96425         50041186198.44714     
   4.5817265879870202E-004    51810269007.60837         50063959597.54076     
   4.5863577672330269E-004    51811823539.47793         50084665363.77431     
   4.5909889506707977E-004    51812816196.45835         50103026973.12786     
   4.5956201267645277E-004    51814178566.01529         50119132714.90147     
   4.6002513090544688E-004    51816469143.25526         50133750996.69234     
   4.6048825082495976E-004    51819765227.12461         50147002932.15218     
   4.6095137354747466E-004    51823617328.72027         50159131574.68495     
   4.6141450053068450E-004    51827427809.39422         50170496686.72017     
   4.6187763156313666E-004    51830143316.95210         50181388579.36909     
   4.6234076805789549E-004    51829045492.95769         50191964983.91402     
   4.6280391225063942E-004    51819294505.73032         50202280658.46630     
   4.6326706579736973E-004    51804619249.56634         50212318130.22971     
   4.6373022964379951E-004    51785691600.57467         50222041297.30231     
   4.6419340501712423E-004    51763661464.28513         50231420470.49538     
   4.6465659326059335E-004    51739865371.09785         50240435744.50062     
   4.6511979711240809E-004    51715149153.23538         50249077419.02542     
   4.6558301844310061E-004    51689808804.80434         50257346054.84722     
   4.6604625808741506E-004    51663236164.70336         50265244992.01270     
   4.6650951632987365E-004    51633942249.53406         50272773627.07011     
   4.6697279311645241E-004    51600872202.70633         50279928297.45044     
   4.6743607848040333E-004    51563722483.67606         50286700391.11140     
   4.6789932029651346E-004    51523079641.42838         50293066429.68932     
   4.6836252227322364E-004    51479588132.87841         50299004287.97360     
   4.6882568537801885E-004    51433500118.03367         50304495520.74582     
   4.6928881002365839E-004    51384999781.96903         50309523554.52975     
   4.6975189727059292E-004    51334164619.04704         50314070395.00326     
   4.7021494937877877E-004    51280998925.92757         50318113709.17383     
   4.7067796966307902E-004    51225565863.93398         50321627412.34224     
   4.7114096195884233E-004    51168070644.46528         50324586652.10529     
   4.7160393021729573E-004    51109011458.11974         50326983877.96232     
   4.7206687817963122E-004    51048790875.80611         50328846109.64088     
   4.7252980977747035E-004    50987554198.99542         50330201800.71335     
   4.7299272867063033E-004    50940371276.38691         50331039452.77283     
   4.7345563818648615E-004    50947139928.42525         50331326234.61878     
   4.7391854088687054E-004    50951449421.65070         50331035930.96749     
   4.7438143759310033E-004    50953286570.81451         50330158794.89227     
   4.7484432682365433E-004    50952776542.78338         50328706985.82855     
   4.7530720205890217E-004    50949902200.11554         50326722686.73386     
   4.7577000556983575E-004    50944318111.86086         50324284712.93188     
   4.7623271265042873E-004    50935944818.61153         50321484304.11025     
   4.7669531437996885E-004    50925176686.04840         50318322836.32971     
   4.7715780704214706E-004    50912396524.39670         50314590805.33183     
   4.7762019683307338E-004    50897922377.31258         50309955026.99167     
   4.7808250276352033E-004    50882059221.83066         50304232846.14689     
   4.7854475551348063E-004    50865105181.63146         50297208500.22208     
   4.7900699172043069E-004    50847351285.49722         50288749475.47884     
   4.7946923105685220E-004    50829096894.36179         50279151607.60809     
   4.7993148487426759E-004    50810621877.79907         50268431135.79317     
   4.8039376417781724E-004    50801413485.09618         50257024755.38254     
   4.8085605168575593E-004    50806742784.02327         50245409820.71475     
   4.8131835353931230E-004    50810059290.04433         50233771828.46947     
   4.8178067728657737E-004    50812024309.57626         50222265178.93336     
   4.8224303263896248E-004    50812324728.83814         50211014023.48756     
   4.8270542896218358E-004    50812088297.38319         50200665487.64497     
   4.8316787062351485E-004    50811522576.45504         50191423519.82932     
   4.8363033410240479E-004    50810433567.97369         50182942290.48432     
   4.8409279263294716E-004    50808660890.93051         50175091704.48318     
   4.8455524666946525E-004    50806187340.21830         50167784366.70878     
   4.8501770013001269E-004    50803057613.79726         50161118993.90105     
   4.8548016037676736E-004    50799316945.69979         50155912284.61824     
   4.8594263588970841E-004    50794998563.90572         50149794060.04669     
   4.8640513517283959E-004    50792895179.49441         50142073401.32430     
   4.8686766708759169E-004    50792494198.09024         50133981305.87338     
   4.8733023937395372E-004    50804300366.57238         50126049503.60105     
   4.8779285701139725E-004    50816235238.78249         50118231324.39488     
   4.8825552166604580E-004    50827528459.61270         50110372915.85947     
   4.8871823218343607E-004    50838155914.27240         50102681709.59679     
   4.8918098591219561E-004    50848099447.11767         50095439281.71513     
   4.8964378025622194E-004    50857342910.97651         50088951206.85129     
   4.9010661383443307E-004    50865872518.85838         50083400229.50334     
   4.9056948698937759E-004    50873736486.96748         50078706848.69084     
   4.9103240181935218E-004    50881081531.29263         50074744495.93243     
   4.9149536187158391E-004    50887793537.89353         50071447908.27193     
   4.9195837139644118E-004    50893840621.28385         50068772260.61584     
   4.9242143445347249E-004    50899216917.75188         50066659070.13410     
   4.9288455434978718E-004    50903885061.96334         50065042291.50458     
   4.9334773339702192E-004    50907722558.11201         50063856815.04655     
   4.9381097292058580E-004    50910609753.21352         50063176432.49509     
   4.9427427353228347E-004    50912658008.21754         50062954191.93856     
   4.9473763558221314E-004    50913967256.97630         50063189206.29493     
   4.9520105186737012E-004    50914627404.60478         50063954100.00548     
   4.9566446248385670E-004    50914695988.14930         50065263423.56078     
   4.9612786167731074E-004    50914208617.23103         50066987946.22150     
   4.9659124868340905E-004    50913183104.19149         50069056437.10825     
   4.9705462424223963E-004    50911632770.55867         50071329920.27291     
   4.9751798920775645E-004    50909572324.73633         50073667426.06061     
   4.9798133238648399E-004    50907018919.58708         50076167828.70277     
   4.9844462887838699E-004    50903989523.36899         50078795016.70984     
   4.9890788717530754E-004    50955108414.36457         50081517708.05736     
   4.9937111676432149E-004    51009743603.64137         50084366967.15105     
   4.9983432793350966E-004    51060412992.90305         50087356857.60278     
   5.0000000000000001E-004    51077521252.72212         50088458253.68584     
