-9.085121301632115617e+06
-6.780373285248341039e+06
-4.475625268864566460e+06
2.170877252480792347e+06
4.475625268864566460e+06
6.780373285248341039e+06
9.085121301632115617e+06
1.138986931801589020e+07
1.369461733439966477e+07
1.599936535078343749e+07
1.830411336716721579e+07
2.060886138355098665e+07
2.291360939993476123e+07
2.521835741631853953e+07
2.752310543270231411e+07
2.982785344908608869e+07
3.213260146546986327e+07
3.443734948185364157e+07
3.674209749823741615e+07
3.904684551462119073e+07
4.135159353100496531e+07
4.365634154738873243e+07
4.596108956377251446e+07
4.826583758015628904e+07
5.057058559654006362e+07
5.287533361292383820e+07
5.518008162930761278e+07
5.748482964569137990e+07
5.978957766207515448e+07
6.209432567845892906e+07
6.439907369484271854e+07
6.670382171122648567e+07
6.900856972761026025e+07
7.131331774399404228e+07
7.361806576037780941e+07
7.592281377676157653e+07
7.822756179314535856e+07
8.053230980952912569e+07
8.283705782591290772e+07
8.514180584229667485e+07
8.744655385868045688e+07
8.975130187506423891e+07
9.205604989144800603e+07
9.436079790783178806e+07
9.666554592421555519e+07
9.897029394059933722e+07
1.012750419569831043e+08
1.035797899733668715e+08
1.058845379897506535e+08
1.081892860061344206e+08
1.104940340225181878e+08
1.127987820389019698e+08
1.151035300552857518e+08
1.174082780716695189e+08
1.197130260880533010e+08
1.220177741044370681e+08
1.243225221208208501e+08
1.266272701372046322e+08
1.289320181535883993e+08
1.312367661699721813e+08
1.335415141863559484e+08
1.358462622027397454e+08
1.381510102191234827e+08
1.404557582355072796e+08
1.427605062518910468e+08
1.450652542682748139e+08
1.473700022846585810e+08
1.496747503010423779e+08
1.519794983174261451e+08
1.542842463338099122e+08
1.565889943501937091e+08
1.588937423665774763e+08
1.611984903829612434e+08
1.635032383993450105e+08
1.658079864157288074e+08
1.681127344321125746e+08
1.704174824484963417e+08
1.727222304648801088e+08
1.750269784812639058e+08
1.773317264976476729e+08
1.796364745140314400e+08
1.819412225304152369e+08
1.842459705467989743e+08
1.865507185631827712e+08
1.888554665795665383e+08
1.911602145959503055e+08
1.934649626123340726e+08
1.957697106287178695e+08
1.980744586451016366e+08
2.003792066614854038e+08
2.026839546778692007e+08
2.049887026942529678e+08
2.072934507106367350e+08
2.095981987270205021e+08
2.119029467434042990e+08
2.142076947597880661e+08
2.165124427761718333e+08
2.188171907925555706e+08
2.211219388089393675e+08
2.234266868253231347e+08
2.257314348417069316e+08
2.280361828580907285e+08
2.303409308744744956e+08
2.326456788908582330e+08
2.349504269072420299e+08
2.372551749236258268e+08
2.395599229400095940e+08
2.418646709563933313e+08
2.441694189727771282e+08
2.464741669891608953e+08
2.487789150055446923e+08
2.510836630219284892e+08
2.533884110383122265e+08
2.556931590546959937e+08
2.579979070710797906e+08
2.603026550874635875e+08
2.626074031038473248e+08
2.649121511202310920e+08
2.672168991366148889e+08
2.695216471529986858e+08
2.718263951693823934e+08
2.741311431857661605e+08
2.764358912021499872e+08
2.787406392185337543e+08
2.810453872349175215e+08
2.833501352513012886e+08
2.856548832676850557e+08
2.879596312840688825e+08
2.902643793004526496e+08
2.925691273168363571e+08
2.948738753332201838e+08
2.971786233496039510e+08
2.994833713659877181e+08
3.017881193823715448e+08
3.040928673987552524e+08
3.063976154151390195e+08
3.087023634315228462e+08
3.110071114479066133e+08
3.133118594642903805e+08
3.156166074806741476e+08
3.179213554970579147e+08
3.202261035134416819e+08
3.225308515298255086e+08
3.248355995462092161e+08
3.271403475625930429e+08
3.294450955789768100e+08
3.317498435953605771e+08
3.340545916117443442e+08
3.363593396281281114e+08
3.386640876445118785e+08
3.409688356608957052e+08
3.432735836772794127e+08
3.455783316936631799e+08
3.478830797100470066e+08
3.501878277264307737e+08
3.524925757428145409e+08
3.547973237591983080e+08
3.571020717755820751e+08
3.594068197919658422e+08
3.617115678083496690e+08
3.640163158247333765e+08
3.663210638411172032e+08
3.686258118575009704e+08
3.709305598738847375e+08
3.732353078902685642e+08
3.755400559066522717e+08
3.778448039230360389e+08
3.801495519394198656e+08
3.824542999558036327e+08
3.847590479721873403e+08
3.870637959885711670e+08
3.893685440049549341e+08
3.916732920213387012e+08
3.939780400377224684e+08
3.962827880541062355e+08
3.985875360704900026e+08
4.008922840868738294e+08
4.031970321032575965e+08
4.055017801196413636e+08
4.078065281360251307e+08
4.101112761524088979e+08
4.124160241687927246e+08
4.147207721851764321e+08
4.170255202015601993e+08
4.193302682179440260e+08
4.216350162343277931e+08
4.239397642507115602e+08
4.262445122670953274e+08
4.285492602834790945e+08
4.308540082998628616e+08
4.331587563162466884e+08
4.354635043326303959e+08
4.377682523490141630e+08
4.400730003653978705e+08
4.423777483817816973e+08
4.446824963981654644e+08
4.469872444145492911e+08
4.492919924309329987e+08
4.515967404473167658e+08
4.539014884637005925e+08
4.562062364800843596e+08
4.585109844964681864e+08
4.608157325128518939e+08
4.631204805292356610e+08
4.631204805345439911e+08
4.631204805398523211e+08
4.631204805451606512e+08
