9.994243983585442603e+07
9.983503059373745322e+07
9.967259342655429244e+07
9.945547471242728829e+07
9.918413624695329368e+07
9.885915324103716016e+07
9.848121183752709627e+07
9.805110616413289309e+07
9.756973494417449832e+07
9.703809768751989305e+07
9.645729048926907778e+07
9.582850146472945809e+07
9.515300585157380998e+07
9.443216081205905974e+07
9.366739996945516765e+07
9.286022771496251225e+07
9.201221331995932758e+07
9.112498489182855189e+07
9.020022320978678763e+07
8.923965547765536606e+07
8.824504903000807762e+07
8.721820502726267278e+07
8.616095217498202622e+07
8.507514049944347143e+07
8.396263521265974641e+07
8.282531069625876844e+07
8.166504463257533312e+07
8.048371230905576050e+07
7.928318111990323663e+07
7.806530528678986430e+07
7.683192081733696163e+07
7.558484071882730722e+07
7.432585048118539155e+07
7.305670384124948084e+07
7.177911883785606921e+07
7.049477416492681205e+07
6.920530582743789256e+07
6.791230410280288756e+07
6.661731080839335173e+07
6.532181687360585481e+07
6.402726021316797286e+07
6.273502389656798542e+07
6.144643460692150146e+07
6.016276138108500838e+07
5.888521462141087651e+07
5.761494536854513735e+07
5.635304482339403033e+07
5.510054410553340614e+07
5.385841423451855779e+07
5.262756631968194991e+07
5.140885194352699816e+07
5.020306372310923785e+07
4.901093603297189623e+07
4.783314587267712504e+07
4.667031386085376889e+07
4.552300533637384325e+07
4.439173154484395683e+07
4.327695088546356559e+07
4.217907018656458706e+07
4.109844596636907756e+07
4.003538561133912951e+07
3.899014834779337049e+07
3.796294571950526536e+07
3.695394112010159343e+07
3.596324093698056787e+07
3.499090959807136655e+07
3.403698720513145626e+07
3.310148841056649759e+07
3.218440763844485208e+07
3.128571927176384628e+07
3.040537497941746190e+07
2.954330907392095402e+07
2.869943880220861360e+07
2.787366156093503162e+07
2.706586029796738923e+07
2.627590386778989062e+07
2.550364413029283658e+07
2.474892132056510448e+07
2.401156444001273438e+07
2.329138824446951970e+07
2.258819852206650376e+07
2.190179249909731746e+07
2.123195573091062158e+07
2.057846724087934569e+07
1.994109992628492415e+07
1.931961737058018893e+07
1.871377880788975582e+07
1.812333951904450357e+07
1.754804758689510450e+07
1.698764866049008071e+07
1.644188633510949835e+07
1.591049887376741692e+07
1.539322375337545760e+07
1.488979802540471777e+07
1.439995502689018846e+07
1.392342870114334300e+07
1.345995392020479590e+07
1.300926324282601662e+07
1.257109098526541516e+07
1.214517344347230904e+07
1.173124587472504005e+07
1.132904615582591668e+07
1.093831499813559093e+07
1.055879313082510978e+07
1.019022457166528329e+07
9.832356835967112333e+06
9.484938316467961296e+06
9.147721193802438676e+06
8.820461640486918390e+06
8.502917391243332997e+06
8.194850321100037545e+06
7.896026645502872765e+06
7.606214673870246857e+06
7.325187083326719701e+06
7.052721115884067491e+06
6.788596507219661959e+06
6.532597483487211168e+06
6.284512956328411587e+06
6.044134618267726153e+06
5.811258689036052674e+06
5.585686108976886608e+06
5.367220792041935958e+06
5.155671146739698015e+06
4.950850268310539424e+06
4.752574340072102845e+06
4.560663952576431446e+06
4.374944294759750366e+06
4.195243694305737503e+06
4.021394756949554663e+06
3.853234556670076214e+06
3.690603305792404339e+06
3.533345334685175680e+06
3.381309280960375443e+06
3.234346880205129273e+06
3.092313804633876774e+06
2.955069851197297219e+06
2.822477844100001268e+06
2.694404349332960788e+06
2.570719861571841408e+06
2.451297809986653272e+06
2.336015164025399834e+06
2.224752619006647263e+06
2.117393697149459738e+06
2.013825258533199783e+06
1.913937685367039638e+06
1.817624070659285178e+06
1.724780646965926513e+06
1.635306969464855036e+06
1.549105185248677852e+06
1.466080391325415811e+06
1.386140816863737768e+06
1.309197166754343314e+06
1.235162919383535627e+06
1.163954508797385963e+06
1.095490736985023832e+06
1.029693021284404676e+06
9.664855778335488867e+05
9.057948980924406787e+05
8.475499555039696861e+05
7.916823926483584801e+05
7.381260590654950356e+05
6.868171872776660603e+05
6.376945879342845874e+05
5.906992485156187322e+05
5.457744906756839482e+05
5.028661812390991836e+05
4.619223960001487867e+05
4.228935751019078889e+05
3.857327651598237571e+05
3.503953619959524367e+05
3.168392924515155028e+05
2.850253199208806036e+05
2.549169026285533037e+05
2.264804607770683360e+05
1.996858222364259418e+05
1.745062957407305657e+05
1.509191733363156090e+05
1.289065318511351943e+05
1.084558326554961823e+05
8.956114738478457730e+04
7.222509593923746434e+04
5.646126302869601932e+04
4.229844166337251954e+04
2.978810003820888232e+04
1.901787027863533876e+04
1.014158373155732261e+04
3.465034509871920363e+03
0.000000000000000000e+00
0.000000000000000000e+00
0.000000000000000000e+00
0.000000000000000000e+00
0.000000000000000000e+00
0.000000000000000000e+00
0.000000000000000000e+00
0.000000000000000000e+00
0.000000000000000000e+00
0.000000000000000000e+00
0.000000000000000000e+00
0.000000000000000000e+00
0.000000000000000000e+00
