9.989621099980555475e+06
9.970253038269879296e+06
9.940960670722505078e+06
9.901804499389940873e+06
9.852865305149840191e+06
9.794243899963686243e+06
9.726060818998781964e+06
9.648455954385209829e+06
9.561588132882960141e+06
9.465634639662845060e+06
9.360790691164180636e+06
9.247268860008815303e+06
9.125298455252621323e+06
8.995124861519539729e+06
8.857008840738920495e+06
8.711225800565509126e+06
8.558065033317150548e+06
8.397828929933546111e+06
8.230832173212890513e+06
8.057400914799445309e+06
7.877871940465230495e+06
7.692591828258150257e+06
7.501916104263957590e+06
7.306208400410939939e+06
7.105839619232063182e+06
6.901187110149758868e+06
6.692633862004580908e+06
6.480567716537606902e+06
6.265380607562268153e+06
6.047467830644635484e+06
5.827227348062756471e+06
5.605059134131971747e+06
5.381364565995686688e+06
5.156545865303054452e+06
4.931005596532846801e+06
4.705146228200795129e+06
4.479369763818884268e+06
4.254077450332872570e+06
4.029669572894228622e+06
3.806545346290185116e+06
3.585102915317846462e+06
3.365739478963701520e+06
3.148851556657213252e+06
2.934835419422043487e+06
2.724087714871681295e+06
2.517006323263503611e+06
2.313991493230186403e+06
2.115447321643198375e+06
1.921783664478350431e+06
1.733418597764858278e+06
1.550781595222284785e+06
1.374317660603640601e+06
1.204492763273389544e+06
1.041801102362014935e+06
8.867750178298839601e+05
7.399988745966790011e+05
6.021291733414038317e+05
4.739249493430943112e+05
3.562963414443219081e+05
2.503881947143644502e+05
1.577399872059875925e+05
8.064598074943589745e+04
2.325044783481211925e+04
0.000000000000000000e+00
0.000000000000000000e+00
0.000000000000000000e+00
0.000000000000000000e+00
0.000000000000000000e+00
0.000000000000000000e+00
0.000000000000000000e+00
0.000000000000000000e+00
0.000000000000000000e+00
0.000000000000000000e+00
0.000000000000000000e+00
0.000000000000000000e+00
0.000000000000000000e+00
0.000000000000000000e+00
0.000000000000000000e+00
0.000000000000000000e+00
0.000000000000000000e+00
0.000000000000000000e+00
0.000000000000000000e+00
0.000000000000000000e+00
0.000000000000000000e+00
0.000000000000000000e+00
0.000000000000000000e+00
0.000000000000000000e+00
0.000000000000000000e+00
0.000000000000000000e+00
0.000000000000000000e+00
0.000000000000000000e+00
0.000000000000000000e+00
0.000000000000000000e+00
0.000000000000000000e+00
0.000000000000000000e+00
0.000000000000000000e+00
0.000000000000000000e+00
0.000000000000000000e+00
0.000000000000000000e+00
0.000000000000000000e+00
0.000000000000000000e+00
0.000000000000000000e+00
0.000000000000000000e+00
0.000000000000000000e+00
0.000000000000000000e+00
0.000000000000000000e+00
0.000000000000000000e+00
0.000000000000000000e+00
0.000000000000000000e+00
0.000000000000000000e+00
0.000000000000000000e+00
0.000000000000000000e+00
0.000000000000000000e+00
0.000000000000000000e+00
0.000000000000000000e+00
0.000000000000000000e+00
0.000000000000000000e+00
0.000000000000000000e+00
0.000000000000000000e+00
0.000000000000000000e+00
0.000000000000000000e+00
0.000000000000000000e+00
0.000000000000000000e+00
0.000000000000000000e+00
0.000000000000000000e+00
0.000000000000000000e+00
0.000000000000000000e+00
0.000000000000000000e+00
0.000000000000000000e+00
0.000000000000000000e+00
0.000000000000000000e+00
0.000000000000000000e+00
0.000000000000000000e+00
0.000000000000000000e+00
0.000000000000000000e+00
0.000000000000000000e+00
0.000000000000000000e+00
0.000000000000000000e+00
0.000000000000000000e+00
0.000000000000000000e+00
0.000000000000000000e+00
0.000000000000000000e+00
0.000000000000000000e+00
0.000000000000000000e+00
0.000000000000000000e+00
0.000000000000000000e+00
0.000000000000000000e+00
0.000000000000000000e+00
0.000000000000000000e+00
0.000000000000000000e+00
0.000000000000000000e+00
0.000000000000000000e+00
0.000000000000000000e+00
0.000000000000000000e+00
0.000000000000000000e+00
0.000000000000000000e+00
0.000000000000000000e+00
0.000000000000000000e+00
0.000000000000000000e+00
0.000000000000000000e+00
0.000000000000000000e+00
0.000000000000000000e+00
0.000000000000000000e+00
0.000000000000000000e+00
0.000000000000000000e+00
0.000000000000000000e+00
0.000000000000000000e+00
0.000000000000000000e+00
0.000000000000000000e+00
0.000000000000000000e+00
0.000000000000000000e+00
0.000000000000000000e+00
0.000000000000000000e+00
0.000000000000000000e+00
0.000000000000000000e+00
0.000000000000000000e+00
0.000000000000000000e+00
0.000000000000000000e+00
0.000000000000000000e+00
0.000000000000000000e+00
0.000000000000000000e+00
0.000000000000000000e+00
0.000000000000000000e+00
0.000000000000000000e+00
0.000000000000000000e+00
0.000000000000000000e+00
0.000000000000000000e+00
0.000000000000000000e+00
0.000000000000000000e+00
0.000000000000000000e+00
0.000000000000000000e+00
0.000000000000000000e+00
0.000000000000000000e+00
0.000000000000000000e+00
0.000000000000000000e+00
0.000000000000000000e+00
0.000000000000000000e+00
0.000000000000000000e+00
0.000000000000000000e+00
0.000000000000000000e+00
